89.099	2.045
89.207	2.042
89.312	2.037
89.417	2.026
89.523	2.019
89.629	2.005
89.735	2.002
89.841	2.003
89.946	1.994
90.051	1.986
90.156	1.973
90.261	1.964
90.367	1.958
90.472	1.957
90.578	1.953
90.683	1.942
90.788	1.930
90.893	1.918
90.998	1.913
91.103	1.915
91.207	1.909
91.313	1.899
91.418	1.885
91.523	1.876
91.629	1.870
91.734	1.869
91.839	1.866
91.945	1.856
92.051	1.839
92.155	1.832
92.261	1.830
92.365	1.826
92.472	1.821
92.578	1.815
92.682	1.800
92.787	1.794
92.891	1.786
92.996	1.780
93.101	1.774
93.207	1.769
93.312	1.758
93.418	1.748
93.522	1.747
93.628	1.738
93.733	1.734
93.839	1.726
93.945	1.716
94.051	1.703
94.156	1.700
94.260	1.697
94.366	1.690
94.471	1.680
94.575	1.670
94.680	1.669
94.786	1.659
94.890	1.653
94.995	1.650
95.101	1.643
95.206	1.634
95.311	1.621
95.415	1.613
95.521	1.609
95.625	1.605
95.731	1.597
95.836	1.591
95.940	1.579
96.046	1.573
96.151	1.565
96.256	1.559
96.361	1.556
96.465	1.550
96.571	1.539
96.676	1.530
96.781	1.522
96.886	1.517
96.991	1.515
97.095	1.506
97.201	1.501
97.305	1.489
97.410	1.477
97.514	1.475
97.619	1.470
97.723	1.463
97.828	1.457
97.933	1.448
98.038	1.439
98.144	1.431
98.248	1.423
98.354	1.423
98.459	1.417
98.566	1.409
98.671	1.400
98.775	1.389
98.880	1.382
98.985	1.378
99.091	1.375
99.195	1.365
99.301	1.356
99.405	1.349
99.511	1.342
99.615	1.336
99.720	1.329
99.826	1.326
99.930	1.318
100.036	1.310
100.140	1.300
100.245	1.295
100.350	1.285
100.455	1.280
100.561	1.275
100.666	1.271
100.771	1.259
100.875	1.252
100.981	1.245
101.087	1.238
101.191	1.235
101.296	1.229
101.402	1.224
101.506	1.214
101.612	1.206
101.718	1.202
101.822	1.193
101.927	1.185
102.033	1.183
102.138	1.178
102.243	1.173
102.348	1.159
102.453	1.156
102.558	1.149
102.662	1.147
102.766	1.145
102.873	1.139
102.978	1.130
103.082	1.127
103.188	1.116
103.293	1.115
103.398	1.107
103.502	1.104
103.608	1.101
103.713	1.096
103.817	1.084
103.922	1.081
104.028	1.076
104.132	1.071
104.238	1.066
104.342	1.064
104.447	1.060
104.551	1.052
104.656	1.048
104.760	1.046
104.864	1.042
104.970	1.038
105.076	1.033
105.181	1.033
105.285	1.030
105.391	1.025
105.496	1.024
105.600	1.019
105.704	1.017
105.809	1.014
105.913	1.012
106.018	1.010
106.122	1.009
106.228	1.002
106.333	0.997
106.439	0.992
106.543	0.997
106.648	0.990
106.753	0.991
106.859	0.988
106.965	0.987
107.070	0.981
107.176	0.977
107.280	0.972
107.385	0.971
107.491	0.970
107.597	0.966
107.702	0.962
107.808	0.960
107.912	0.957
108.018	0.952
108.123	0.952
108.228	0.945
108.332	0.945
108.437	0.945
108.542	0.944
108.648	0.939
108.754	0.931
108.859	0.932
108.965	0.928
109.071	0.925
109.175	0.924
109.280	0.921
109.384	0.916
109.491	0.916
109.595	0.914
109.700	0.911
109.806	0.906
109.910	0.906
110.015	0.902
110.121	0.903
110.227	0.898
110.333	0.892
110.438	0.890
110.543	0.890
110.649	0.887
110.753	0.880
110.859	0.884
110.963	0.878
111.068	0.879
111.172	0.872
111.277	0.869
111.382	0.869
111.488	0.867
111.593	0.860
111.698	0.861
111.803	0.860
111.908	0.854
112.013	0.851
112.118	0.849
112.222	0.846
112.328	0.844
112.433	0.839
112.538	0.840
112.643	0.836
112.748	0.836
112.852	0.831
112.958	0.829
113.063	0.823
113.168	0.822
113.272	0.821
113.378	0.818
113.483	0.813
113.588	0.811
113.693	0.811
113.798	0.812
113.904	0.809
114.009	0.804
114.114	0.801
114.221	0.800
114.326	0.796
114.431	0.796
114.536	0.789
114.640	0.790
114.745	0.785
114.848	0.782
114.954	0.779
115.058	0.776
115.163	0.773
115.268	0.770
115.374	0.772
115.478	0.769
115.584	0.764
115.689	0.761
115.793	0.758
115.898	0.757
116.003	0.756
116.107	0.748
116.213	0.748
116.318	0.745
116.424	0.743
116.530	0.744
116.636	0.738
116.742	0.735
116.847	0.735
116.952	0.728
117.058	0.730
117.162	0.726
117.267	0.725
117.371	0.725
117.475	0.720
117.581	0.719
117.685	0.715
117.791	0.712
117.896	0.710
118.002	0.708
118.108	0.707
118.212	0.705
118.316	0.702
118.422	0.699
118.526	0.696
118.632	0.694
118.737	0.692
118.841	0.692
118.945	0.685
119.051	0.685
119.155	0.682
119.259	0.681
119.363	0.677
119.468	0.676
119.574	0.678
119.678	0.669
119.784	0.668
119.888	0.665
119.992	0.663
120.097	0.660
120.202	0.657
120.307	0.658
120.413	0.653
120.518	0.650
120.624	0.651
120.728	0.643
120.832	0.643
120.938	0.646
121.044	0.641
121.148	0.637
121.252	0.639
121.358	0.628
121.462	0.630
121.567	0.626
121.672	0.625
121.778	0.626
121.883	0.625
121.988	0.623
122.092	0.615
122.198	0.615
122.305	0.616
122.410	0.608
122.514	0.607
122.618	0.606
122.722	0.603
122.828	0.601
122.932	0.595
123.037	0.596
123.142	0.591
123.245	0.589
123.350	0.590
123.456	0.587
123.561	0.583
123.666	0.579
123.771	0.579
123.876	0.573
123.981	0.574
124.086	0.572
124.191	0.568
124.296	0.569
124.402	0.567
124.507	0.560
124.611	0.562
124.716	0.556
124.822	0.551
124.925	0.552
125.031	0.547
125.137	0.547
125.242	0.545
125.346	0.542
125.451	0.544
125.556	0.540
125.661	0.535
125.767	0.535
125.871	0.532
125.976	0.532
126.081	0.526
126.186	0.519
126.291	0.521
126.397	0.520
126.502	0.520
126.607	0.519
126.712	0.514
126.816	0.513
126.921	0.513
127.027	0.509
127.132	0.503
127.238	0.500
127.342	0.500
127.446	0.498
127.552	0.499
127.656	0.495
127.762	0.493
127.868	0.491
127.973	0.490
128.079	0.484
128.184	0.483
128.288	0.485
128.393	0.479
128.499	0.479
128.603	0.476
128.709	0.470
128.813	0.467
128.919	0.470
129.023	0.467
129.128	0.460
129.233	0.464
129.338	0.457
129.443	0.456
129.547	0.451
129.653	0.452
129.758	0.451
129.862	0.450
129.968	0.444
130.072	0.442
130.176	0.441
130.281	0.438
130.386	0.436
130.491	0.432
130.596	0.429
130.701	0.426
130.807	0.426
130.913	0.421
131.018	0.423
131.123	0.421
131.228	0.420
131.333	0.417
131.438	0.414
131.543	0.410
131.648	0.406
131.753	0.405
131.859	0.401
131.965	0.401
132.070	0.398
132.176	0.395
132.282	0.393
132.387	0.388
132.491	0.388
132.596	0.387
132.702	0.382
132.806	0.384
132.911	0.381
133.016	0.379
133.122	0.374
133.226	0.373
133.332	0.373
133.437	0.370
133.541	0.371
133.646	0.365
133.751	0.364
133.857	0.361
133.962	0.360
134.066	0.354
134.172	0.356
134.276	0.354
134.381	0.352
134.486	0.348
134.592	0.345
134.697	0.341
134.801	0.340
134.906	0.334
135.012	0.336
135.116	0.334
135.221	0.332
135.327	0.329
135.431	0.331
135.537	0.326
135.642	0.327
135.749	0.323
135.853	0.319
135.959	0.324
136.063	0.317
136.169	0.316
136.274	0.311
136.379	0.311
136.484	0.304
136.588	0.304
136.692	0.301
136.798	0.298
136.903	0.299
137.008	0.297
137.112	0.292
137.216	0.289
137.321	0.291
137.425	0.288
137.531	0.286
137.636	0.286
137.741	0.282
137.846	0.277
137.952	0.277
138.059	0.274
138.164	0.273
138.268	0.271
138.373	0.267
138.477	0.267
138.582	0.264
138.689	0.260
138.794	0.257
138.899	0.258
139.005	0.258
139.111	0.252
139.216	0.253
139.319	0.251
139.424	0.246
139.528	0.245
139.633	0.244
139.738	0.240
139.843	0.237
139.949	0.230
140.054	0.224
140.160	0.223
140.266	0.225
140.372	0.220
140.476	0.213
140.581	0.211
140.686	0.208
140.791	0.203
140.896	0.200
141.001	0.199
141.106	0.197
141.212	0.195
141.316	0.194
141.421	0.190
141.527	0.186
141.632	0.183
141.737	0.182
141.841	0.180
141.946	0.177
142.051	0.176
142.156	0.174
142.261	0.173
142.366	0.172
142.472	0.170
142.576	0.165
142.681	0.166
142.786	0.162
142.891	0.161
142.995	0.159
143.101	0.161
143.207	0.157
143.311	0.154
143.416	0.156
143.520	0.155
143.625	0.154
143.731	0.150
143.836	0.150
143.941	0.146
144.047	0.144
144.152	0.146
144.259	0.145
144.364	0.143
144.469	0.144
144.574	0.138
144.678	0.140
144.782	0.136
144.888	0.141
144.991	0.138
145.097	0.137
145.201	0.133
145.307	0.132
145.412	0.130
145.517	0.129
145.624	0.130
145.728	0.131
145.833	0.129
145.939	0.127
146.044	0.124
146.149	0.126
146.253	0.126
146.359	0.122
146.463	0.124
146.569	0.121
146.674	0.120
146.778	0.122
146.882	0.120
146.986	0.118
147.092	0.120
