6.480	6.074
6.587	6.072
7.547	6.060
8.548	6.043
9.548	6.022
10.548	6.006
11.548	5.988
12.548	5.969
13.548	5.945
14.548	5.932
15.548	5.912
16.548	5.893
17.548	5.870
18.548	5.852
18.652	5.848
18.757	5.848
18.862	5.847
18.966	5.845
19.071	5.841
19.176	5.840
19.281	5.841
19.386	5.836
19.492	5.836
19.597	5.831
19.701	5.830
19.806	5.830
19.912	5.827
20.017	5.823
20.122	5.822
20.227	5.821
20.333	5.820
20.438	5.817
20.542	5.817
20.648	5.816
20.752	5.813
20.858	5.807
20.964	5.809
21.067	5.808
21.172	5.803
21.277	5.804
21.382	5.802
21.486	5.798
21.591	5.796
21.696	5.793
21.801	5.790
21.905	5.788
22.010	5.789
22.115	5.787
22.220	5.784
22.324	5.781
22.428	5.781
22.533	5.778
22.638	5.777
22.744	5.773
22.848	5.773
22.953	5.769
23.058	5.768
23.163	5.765
23.267	5.765
23.372	5.765
23.475	5.762
23.580	5.761
23.684	5.758
23.790	5.757
23.895	5.755
24.000	5.752
24.105	5.749
24.211	5.748
24.316	5.746
24.420	5.745
24.525	5.745
24.631	5.740
24.735	5.739
24.840	5.737
24.946	5.735
25.051	5.733
25.157	5.732
25.262	5.728
25.368	5.730
25.473	5.726
25.578	5.725
25.683	5.719
25.787	5.718
25.892	5.717
25.997	5.715
26.102	5.714
26.206	5.711
26.311	5.708
26.415	5.706
26.519	5.705
26.625	5.706
26.731	5.702
26.835	5.701
26.940	5.696
27.045	5.693
27.149	5.696
27.253	5.688
27.359	5.690
27.465	5.687
27.570	5.686
27.675	5.682
27.780	5.682
27.885	5.679
27.990	5.673
28.095	5.673
28.200	5.673
28.306	5.673
28.411	5.667
28.517	5.668
28.622	5.667
28.728	5.663
28.834	5.662
28.938	5.657
29.042	5.659
29.146	5.655
29.252	5.652
29.358	5.653
29.462	5.650
29.568	5.650
29.672	5.647
29.777	5.646
29.883	5.642
29.987	5.641
30.091	5.640
30.198	5.636
30.302	5.633
30.407	5.635
30.512	5.632
30.618	5.629
30.723	5.629
30.827	5.623
30.933	5.623
31.037	5.624
31.142	5.618
31.246	5.616
31.351	5.616
31.456	5.614
31.560	5.612
31.665	5.610
31.770	5.607
31.877	5.604
31.982	5.601
32.088	5.598
32.193	5.600
32.298	5.597
32.404	5.598
32.509	5.594
32.613	5.593
32.719	5.591
32.824	5.584
32.929	5.585
33.035	5.580
33.140	5.583
33.244	5.581
33.349	5.577
33.455	5.579
33.560	5.575
33.665	5.574
33.770	5.570
33.875	5.569
33.980	5.562
34.085	5.566
34.190	5.563
34.295	5.561
34.400	5.557
34.506	5.556
34.610	5.554
34.715	5.554
34.820	5.550
34.925	5.550
35.029	5.546
35.135	5.547
35.240	5.543
35.345	5.543
35.450	5.541
35.555	5.538
35.659	5.536
35.765	5.533
35.869	5.531
35.974	5.528
36.080	5.526
36.185	5.528
36.291	5.522
36.395	5.523
36.500	5.519
36.605	5.518
36.711	5.516
36.815	5.516
36.921	5.513
37.025	5.508
37.130	5.510
37.235	5.505
37.340	5.505
37.445	5.499
37.550	5.501
37.655	5.496
37.760	5.497
37.865	5.494
37.971	5.493
38.076	5.489
38.181	5.492
38.287	5.485
38.393	5.487
38.498	5.484
38.602	5.485
38.707	5.478
38.812	5.481
38.917	5.474
39.024	5.473
39.129	5.473
39.234	5.471
39.338	5.468
39.443	5.468
39.547	5.463
39.652	5.463
39.756	5.461
39.863	5.459
39.968	5.458
40.072	5.454
40.177	5.454
40.282	5.452
40.386	5.448
40.492	5.443
40.596	5.447
40.701	5.446
40.805	5.442
40.911	5.438
41.017	5.439
41.123	5.437
41.228	5.433
41.333	5.431
41.436	5.430
41.543	5.428
41.648	5.425
41.753	5.423
41.858	5.422
41.963	5.422
42.068	5.414
42.174	5.416
42.278	5.414
42.383	5.411
42.488	5.410
42.594	5.407
42.698	5.403
42.802	5.404
42.908	5.401
43.014	5.398
43.118	5.397
43.222	5.395
43.327	5.393
43.432	5.391
43.537	5.391
43.641	5.387
43.746	5.384
43.851	5.383
43.956	5.385
44.061	5.380
44.167	5.378
44.271	5.378
44.375	5.376
44.480	5.369
44.585	5.371
44.691	5.367
44.796	5.366
44.900	5.365
45.004	5.364
45.109	5.360
45.214	5.361
45.320	5.356
45.427	5.357
45.533	5.353
45.638	5.352
45.742	5.347
45.848	5.345
45.953	5.348
46.058	5.341
46.162	5.342
46.267	5.340
46.371	5.337
46.475	5.333
46.580	5.333
46.685	5.332
46.790	5.330
46.894	5.329
47.000	5.328
47.105	5.324
47.211	5.323
47.315	5.320
47.420	5.317
47.524	5.318
47.630	5.316
47.735	5.313
47.839	5.313
47.944	5.309
48.050	5.305
48.153	5.307
48.258	5.303
48.362	5.300
48.468	5.299
48.572	5.292
48.677	5.296
48.782	5.292
48.888	5.291
48.993	5.286
49.097	5.287
49.203	5.285
49.308	5.279
49.413	5.280
49.517	5.277
49.621	5.278
49.725	5.276
49.830	5.275
49.935	5.272
50.040	5.266
50.145	5.264
50.249	5.265
50.355	5.266
50.460	5.263
50.564	5.256
50.671	5.262
50.776	5.252
50.881	5.253
50.987	5.252
51.092	5.250
51.198	5.245
51.302	5.248
51.408	5.243
51.513	5.245
51.618	5.236
51.722	5.237
51.828	5.232
51.932	5.235
52.037	5.230
52.142	5.233
52.246	5.227
52.351	5.224
52.455	5.226
52.560	5.222
52.665	5.222
52.770	5.215
52.874	5.217
52.979	5.214
53.084	5.213
53.188	5.210
53.293	5.210
53.397	5.204
53.501	5.205
53.605	5.204
53.709	5.204
53.815	5.197
53.920	5.199
54.026	5.197
54.130	5.197
54.234	5.192
54.338	5.189
54.444	5.190
54.550	5.187
54.654	5.184
54.759	5.183
54.865	5.180
54.970	5.181
55.075	5.173
55.180	5.171
55.284	5.173
55.390	5.168
55.495	5.170
55.601	5.167
55.707	5.165
55.812	5.165
55.918	5.162
56.023	5.157
56.127	5.157
56.233	5.153
56.338	5.154
56.444	5.154
56.550	5.148
56.654	5.147
56.759	5.146
56.864	5.146
56.970	5.140
57.075	5.141
57.180	5.139
57.284	5.136
57.390	5.133
57.495	5.131
57.600	5.131
57.705	5.128
57.811	5.127
57.915	5.128
58.019	5.119
58.123	5.118
58.228	5.120
58.333	5.117
58.439	5.112
58.544	5.112
58.650	5.111
58.755	5.109
58.861	5.105
58.964	5.107
59.069	5.104
59.174	5.099
59.279	5.094
59.383	5.098
59.488	5.094
59.593	5.093
59.697	5.087
59.803	5.089
59.909	5.089
60.012	5.086
60.119	5.083
60.224	5.082
60.330	5.082
60.435	5.081
60.540	5.077
60.645	5.076
60.750	5.073
60.854	5.070
60.960	5.066
61.064	5.065
61.169	5.064
61.274	5.060
61.379	5.061
61.485	5.056
61.589	5.057
61.695	5.052
61.800	5.053
61.905	5.048
62.009	5.044
62.115	5.047
62.220	5.045
62.324	5.044
62.427	5.042
62.531	5.036
62.636	5.037
62.741	5.035
62.847	5.033
62.951	5.032
63.056	5.030
63.161	5.026
63.265	5.023
63.370	5.022
63.474	5.021
63.580	5.017
63.685	5.018
63.791	5.016
63.895	5.012
64.000	5.014
64.104	5.012
64.209	5.007
64.313	5.009
64.418	5.002
64.522	5.001
64.626	5.000
64.731	4.996
64.836	4.996
64.940	4.994
65.045	4.994
65.150	4.992
65.256	4.987
65.361	4.987
65.465	4.987
65.570	4.983
65.675	4.981
65.781	4.982
65.885	4.979
65.991	4.977
66.096	4.973
66.200	4.971
66.304	4.972
66.410	4.967
66.515	4.965
66.620	4.964
66.725	4.964
66.830	4.963
66.935	4.959
67.039	4.958
67.145	4.954
67.250	4.954
67.355	4.951
67.460	4.951
67.565	4.946
67.669	4.945
67.773	4.945
67.878	4.943
67.982	4.938
68.087	4.939
68.192	4.939
68.298	4.936
68.404	4.932
68.510	4.933
68.615	4.930
68.721	4.928
68.825	4.925
68.930	4.924
69.035	4.924
69.140	4.921
69.244	4.918
69.350	4.913
69.454	4.914
69.560	4.912
69.664	4.910
69.769	4.906
69.875	4.909
69.981	4.904
70.086	4.902
70.191	4.903
70.296	4.900
70.401	4.897
70.505	4.898
70.609	4.894
70.714	4.891
70.819	4.892
70.924	4.886
71.028	4.887
71.133	4.882
71.238	4.884
71.343	4.880
71.449	4.875
71.555	4.878
71.660	4.871
71.764	4.875
71.871	4.871
71.975	4.874
72.080	4.866
72.184	4.867
72.290	4.865
72.394	4.863
72.500	4.856
72.604	4.860
72.710	4.856
72.814	4.853
72.921	4.851
73.025	4.852
73.130	4.851
73.234	4.849
73.340	4.846
73.445	4.843
73.549	4.838
73.653	4.838
73.758	4.836
73.862	4.836
73.968	4.831
74.072	4.831
74.177	4.830
74.282	4.829
74.387	4.826
74.492	4.822
74.596	4.822
74.701	4.822
74.806	4.820
74.910	4.815
75.014	4.815
75.118	4.813
75.223	4.811
75.328	4.811
75.432	4.806
75.538	4.806
75.643	4.803
75.748	4.800
75.853	4.801
75.957	4.800
76.063	4.795
76.168	4.793
76.272	4.792
76.378	4.790
76.483	4.790
76.587	4.787
76.693	4.786
76.797	4.784
76.903	4.780
77.009	4.780
77.114	4.778
77.220	4.780
77.325	4.774
77.430	4.772
77.535	4.771
77.640	4.766
77.745	4.765
77.850	4.765
77.955	4.760
78.059	4.759
78.165	4.759
78.271	4.755
78.375	4.756
78.480	4.755
78.584	4.749
78.689	4.750
78.794	4.748
78.899	4.748
79.004	4.742
79.109	4.742
79.213	4.741
79.317	4.736
79.421	4.735
79.525	4.734
79.630	4.733
79.736	4.731
79.840	4.730
79.945	4.730
80.050	4.724
80.155	4.722
80.261	4.727
80.366	4.718
80.471	4.723
80.576	4.716
80.681	4.714
80.786	4.712
80.891	4.708
80.996	4.712
81.101	4.705
81.207	4.704
81.313	4.702
81.418	4.701
81.523	4.698
81.628	4.696
81.733	4.697
81.839	4.692
81.944	4.693
82.050	4.692
82.155	4.688
82.260	4.687
82.365	4.686
82.471	4.682
82.576	4.678
82.681	4.679
82.787	4.675
82.892	4.674
82.998	4.671
83.103	4.672
83.209	4.669
83.315	4.663
83.420	4.663
83.524	4.662
83.628	4.661
83.732	4.658
83.837	4.659
83.941	4.655
84.046	4.657
84.149	4.654
84.255	4.652
84.360	4.650
84.465	4.648
84.571	4.648
84.677	4.642
84.781	4.638
84.886	4.637
84.992	4.640
85.097	4.633
85.202	4.636
85.307	4.631
85.413	4.627
85.518	4.627
85.623	4.623
85.728	4.624
85.833	4.623
85.937	4.622
86.043	4.620
86.149	4.615
86.255	4.617
86.361	4.613
86.466	4.611
86.571	4.609
86.677	4.609
86.781	4.607
86.887	4.603
86.991	4.606
87.096	4.598
87.202	4.600
87.307	4.595
87.411	4.594
87.515	4.593
87.620	4.590
87.725	4.589
87.829	4.589
87.933	4.588
88.038	4.584
88.143	4.586
88.248	4.581
88.353	4.580
88.458	4.577
88.563	4.578
88.667	4.571
88.773	4.572
88.879	4.569
88.983	4.568
89.088	4.565
89.193	4.563
89.298	4.563
89.403	4.562
89.508	4.555
89.613	4.559
89.717	4.554
89.820	4.552
89.925	4.551
90.030	4.547
90.135	4.546
90.240	4.547
90.346	4.544
90.450	4.543
90.556	4.540
90.660	4.538
90.765	4.535
90.871	4.533
90.976	4.530
91.080	4.531
91.184	4.530
91.289	4.528
91.393	4.527
91.498	4.524
91.603	4.521
91.708	4.520
91.812	4.519
91.917	4.517
92.022	4.510
92.127	4.512
92.231	4.510
92.336	4.505
92.442	4.504
92.546	4.506
92.650	4.504
92.756	4.503
92.861	4.501
92.966	4.498
93.069	4.496
93.175	4.493
93.280	4.490
93.384	4.491
93.489	4.487
93.595	4.487
93.699	4.484
93.805	4.484
93.910	4.480
94.015	4.479
94.121	4.476
94.226	4.476
94.331	4.476
94.437	4.473
94.542	4.469
94.648	4.469
94.753	4.466
94.858	4.465
94.961	4.460
95.066	4.462
95.172	4.458
95.278	4.456
95.382	4.455
95.488	4.454
95.593	4.452
95.697	4.454
95.802	4.451
95.907	4.449
96.011	4.446
96.117	4.444
96.223	4.443
96.327	4.441
96.432	4.440
96.536	4.437
96.640	4.434
96.745	4.431
96.851	4.431
96.955	4.428
97.060	4.426
97.165	4.426
97.270	4.422
97.374	4.422
97.478	4.422
97.583	4.418
97.688	4.413
97.792	4.413
97.895	4.412
98.000	4.410
98.105	4.408
98.209	4.408
98.313	4.407
98.419	4.402
98.523	4.402
98.628	4.401
98.734	4.399
98.838	4.395
98.942	4.396
99.046	4.396
99.150	4.389
99.255	4.391
99.361	4.391
99.465	4.384
99.570	4.382
99.675	4.382
99.780	4.381
99.885	4.378
99.990	4.373
100.094	4.375
100.199	4.374
100.304	4.373
100.409	4.368
100.514	4.366
100.619	4.364
100.725	4.363
100.831	4.362
100.935	4.360
101.039	4.358
101.145	4.355
101.251	4.356
101.357	4.351
101.461	4.351
101.565	4.349
101.669	4.346
101.775	4.344
101.879	4.346
101.984	4.341
102.088	4.337
102.193	4.337
102.298	4.338
102.402	4.330
102.508	4.334
102.613	4.333
102.718	4.329
102.823	4.327
102.928	4.325
103.032	4.322
103.136	4.320
103.242	4.316
103.347	4.314
103.453	4.317
103.558	4.311
103.662	4.310
103.767	4.313
103.871	4.307
103.975	4.305
104.080	4.306
104.185	4.302
104.289	4.303
104.395	4.299
104.501	4.297
104.605	4.297
104.710	4.293
104.815	4.294
104.919	4.290
105.024	4.290
105.129	4.287
105.233	4.287
105.338	4.284
105.444	4.286
105.550	4.279
105.655	4.278
105.760	4.274
105.866	4.275
105.971	4.270
106.075	4.270
106.180	4.269
106.284	4.267
106.390	4.263
106.495	4.259
106.600	4.264
106.705	4.262
106.811	4.256
106.915	4.254
107.019	4.256
107.125	4.255
107.230	4.253
107.335	4.249
107.439	4.250
107.545	4.246
107.651	4.246
107.755	4.240
107.860	4.237
107.965	4.236
108.069	4.235
108.174	4.237
108.278	4.234
108.383	4.230
108.489	4.230
108.593	4.228
108.698	4.225
108.804	4.221
108.910	4.220
109.013	4.219
109.117	4.215
109.221	4.213
109.327	4.213
109.432	4.215
109.537	4.213
109.642	4.209
109.747	4.209
109.852	4.206
109.957	4.203
110.062	4.202
110.167	4.199
110.271	4.200
110.376	4.199
110.480	4.198
110.585	4.193
110.691	4.192
110.796	4.187
110.900	4.187
111.005	4.184
111.109	4.183
111.214	4.184
111.319	4.183
111.424	4.180
111.528	4.180
111.633	4.177
111.736	4.177
111.841	4.169
111.946	4.170
112.050	4.168
112.154	4.165
112.259	4.163
112.363	4.160
112.468	4.163
112.573	4.157
112.677	4.157
112.783	4.155
112.889	4.153
112.993	4.152
113.097	4.152
113.200	4.150
113.305	4.147
113.411	4.143
113.515	4.144
113.619	4.141
113.724	4.138
113.830	4.138
113.937	4.132
114.042	4.132
114.148	4.130
114.253	4.129
114.358	4.128
114.463	4.127
114.568	4.123
114.674	4.125
114.779	4.121
114.883	4.119
114.988	4.115
115.095	4.114
115.200	4.111
115.306	4.112
115.411	4.111
115.515	4.106
115.619	4.105
115.723	4.104
115.827	4.102
115.932	4.103
116.036	4.097
116.142	4.096
116.247	4.096
116.352	4.093
116.458	4.092
116.562	4.090
116.668	4.087
116.773	4.086
116.879	4.086
116.983	4.083
117.088	4.080
117.193	4.079
117.298	4.082
117.403	4.074
117.507	4.074
117.613	4.072
117.718	4.070
117.822	4.067
117.928	4.067
118.032	4.065
118.138	4.065
118.242	4.061
118.348	4.064
118.452	4.060
118.557	4.059
118.663	4.053
118.768	4.053
118.873	4.052
118.977	4.051
119.081	4.047
119.186	4.043
119.292	4.044
119.396	4.042
119.501	4.040
119.607	4.039
119.711	4.038
119.817	4.035
119.922	4.032
120.028	4.028
120.133	4.028
120.238	4.026
120.342	4.024
120.447	4.022
120.552	4.022
120.656	4.017
120.760	4.017
120.864	4.015
120.969	4.012
121.074	4.012
121.180	4.011
121.285	4.007
121.390	4.008
121.495	4.005
121.599	4.003
121.704	4.001
121.810	3.997
121.914	3.995
122.020	3.996
122.124	3.993
122.229	3.993
122.334	3.991
122.440	3.985
122.545	3.989
122.650	3.988
122.754	3.982
122.859	3.981
122.963	3.979
123.068	3.976
123.173	3.977
123.278	3.973
123.382	3.972
123.487	3.969
123.592	3.967
123.698	3.968
123.802	3.965
123.906	3.965
124.011	3.958
124.116	3.959
124.221	3.957
124.326	3.955
124.431	3.951
124.535	3.954
124.640	3.954
124.745	3.948
124.850	3.950
124.955	3.947
125.060	3.943
125.165	3.943
125.270	3.939
125.375	3.937
125.480	3.936
125.585	3.933
125.692	3.934
125.797	3.930
125.902	3.927
126.007	3.926
126.112	3.927
126.218	3.924
126.323	3.923
126.428	3.917
126.532	3.918
126.638	3.917
126.743	3.913
126.847	3.914
126.951	3.914
127.057	3.911
127.161	3.906
127.268	3.906
127.373	3.909
127.478	3.905
127.585	3.902
127.690	3.898
127.795	3.897
127.899	3.894
128.005	3.895
128.109	3.892
128.214	3.891
128.319	3.888
128.425	3.886
128.529	3.886
128.635	3.884
128.739	3.882
128.845	3.879
128.950	3.878
129.055	3.876
129.159	3.875
129.265	3.872
129.370	3.871
129.475	3.870
129.580	3.868
129.685	3.866
129.789	3.864
129.895	3.864
129.999	3.859
130.103	3.861
130.209	3.859
130.315	3.855
130.420	3.853
130.525	3.852
130.630	3.849
130.734	3.852
130.840	3.846
130.945	3.842
131.050	3.842
131.155	3.837
131.259	3.839
131.365	3.838
131.469	3.836
131.575	3.836
131.680	3.834
131.785	3.828
131.890	3.829
131.995	3.824
132.100	3.824
132.205	3.823
132.309	3.823
132.414	3.819
132.519	3.819
132.624	3.818
132.728	3.811
132.835	3.814
132.940	3.810
133.045	3.807
133.149	3.811
133.254	3.806
133.358	3.801
133.462	3.802
133.567	3.802
133.673	3.798
133.778	3.799
133.883	3.795
133.990	3.794
134.093	3.793
134.197	3.790
134.303	3.795
134.408	3.791
134.513	3.783
134.617	3.780
134.722	3.783
134.826	3.781
134.931	3.779
135.035	3.776
135.139	3.776
135.244	3.771
135.349	3.772
135.453	3.769
135.559	3.770
135.664	3.769
135.768	3.761
135.873	3.762
135.979	3.762
136.083	3.762
136.189	3.756
136.293	3.754
136.398	3.754
136.503	3.750
136.608	3.749
136.713	3.745
136.817	3.745
136.923	3.742
137.028	3.743
137.133	3.741
137.238	3.741
137.344	3.736
137.450	3.738
137.554	3.734
137.659	3.732
137.763	3.729
137.868	3.729
137.973	3.729
138.079	3.730
138.182	3.719
138.287	3.723
138.392	3.722
138.498	3.716
138.603	3.716
138.708	3.714
138.812	3.712
138.917	3.711
139.023	3.710
139.127	3.709
139.233	3.707
139.338	3.702
139.443	3.699
139.549	3.701
139.654	3.700
139.759	3.695
139.863	3.694
139.968	3.694
140.073	3.695
140.179	3.688
140.283	3.688
140.388	3.689
140.494	3.685
140.599	3.680
140.704	3.679
140.808	3.679
140.914	3.674
141.020	3.670
141.125	3.671
141.231	3.672
141.338	3.670
141.443	3.668
141.548	3.667
141.653	3.665
141.757	3.661
141.861	3.661
141.965	3.658
142.069	3.655
142.174	3.656
142.278	3.652
142.383	3.650
142.488	3.646
142.594	3.647
142.698	3.647
142.803	3.644
142.908	3.642
143.012	3.642
143.118	3.640
143.222	3.639
143.328	3.634
143.434	3.634
143.538	3.633
143.643	3.623
143.748	3.630
143.854	3.626
143.958	3.625
144.062	3.622
144.168	3.627
144.273	3.620
144.378	3.617
144.483	3.617
144.588	3.616
144.693	3.614
144.798	3.608
144.904	3.606
145.009	3.610
145.113	3.608
145.219	3.601
145.324	3.602
145.428	3.602
145.533	3.600
145.638	3.600
145.744	3.593
145.850	3.595
145.955	3.591
146.059	3.590
146.164	3.592
146.268	3.586
146.372	3.585
146.477	3.581
146.580	3.585
146.686	3.586
146.791	3.577
146.894	3.574
146.998	3.571
147.104	3.572
147.208	3.570
147.313	3.571
147.418	3.567
147.523	3.564
147.628	3.562
147.733	3.565
147.837	3.563
147.943	3.559
148.049	3.551
148.155	3.551
148.260	3.556
148.365	3.553
148.469	3.546
148.574	3.548
148.679	3.548
148.783	3.545
148.888	3.541
148.993	3.542
149.098	3.541
149.204	3.536
149.309	3.534
149.414	3.536
149.520	3.533
149.625	3.532
149.730	3.530
149.835	3.530
149.939	3.524
150.045	3.525
150.151	3.518
150.256	3.520
150.360	3.518
150.465	3.518
150.569	3.515
150.674	3.510
150.779	3.510
150.885	3.510
150.989	3.508
151.095	3.506
151.201	3.502
151.305	3.500
151.410	3.502
151.515	3.498
151.618	3.496
151.723	3.491
151.828	3.492
151.934	3.491
152.039	3.489
152.144	3.487
152.250	3.488
152.355	3.485
152.460	3.481
152.565	3.479
152.669	3.480
152.775	3.480
152.880	3.475
152.985	3.476
153.090	3.476
153.195	3.468
153.301	3.470
153.405	3.467
153.510	3.466
153.615	3.466
153.719	3.462
153.826	3.462
153.931	3.458
154.036	3.457
154.140	3.454
154.244	3.452
154.351	3.448
154.455	3.453
154.560	3.446
154.665	3.447
154.772	3.442
154.876	3.441
154.980	3.439
155.086	3.436
155.189	3.440
155.293	3.434
155.398	3.431
155.503	3.430
155.608	3.430
155.713	3.428
155.819	3.424
155.924	3.420
156.029	3.427
156.134	3.424
156.239	3.421
156.344	3.416
156.449	3.416
156.553	3.410
156.658	3.407
156.763	3.408
156.868	3.409
156.973	3.407
157.079	3.397
157.183	3.399
157.288	3.407
157.394	3.399
157.498	3.395
157.602	3.397
157.709	3.393
157.813	3.395
157.918	3.391
158.023	3.385
158.128	3.388
158.232	3.385
158.337	3.385
158.440	3.382
158.545	3.380
158.650	3.377
158.755	3.377
158.860	3.378
158.965	3.377
159.070	3.373
159.177	3.366
159.282	3.372
159.388	3.364
159.493	3.364
159.598	3.361
159.703	3.362
159.808	3.361
159.914	3.358
160.018	3.358
160.123	3.353
160.227	3.352
160.333	3.350
160.437	3.348
160.542	3.350
160.648	3.346
160.753	3.341
160.858	3.342
160.963	3.341
161.068	3.339
161.173	3.337
161.279	3.339
161.383	3.337
161.488	3.332
161.593	3.327
161.697	3.326
161.802	3.323
161.908	3.321
162.013	3.323
162.119	3.322
162.223	3.320
162.327	3.318
162.433	3.314
162.538	3.313
162.643	3.315
162.747	3.311
162.852	3.309
162.958	3.309
163.063	3.305
163.168	3.305
163.272	3.298
163.378	3.299
163.483	3.299
163.587	3.295
163.693	3.295
163.797	3.286
163.901	3.296
164.006	3.283
164.113	3.286
164.218	3.285
164.323	3.286
164.428	3.281
164.533	3.281
164.637	3.276
164.743	3.278
164.847	3.275
164.952	3.272
165.058	3.272
165.162	3.267
165.266	3.272
165.370	3.263
165.473	3.272
165.578	3.259
165.682	3.259
165.787	3.259
165.892	3.259
165.998	3.262
166.103	3.254
166.208	3.251
166.313	3.249
166.418	3.248
166.523	3.250
166.628	3.247
166.733	3.242
166.838	3.239
166.942	3.240
167.046	3.242
167.150	3.238
167.255	3.234
167.361	3.234
167.466	3.231
167.570	3.234
167.675	3.231
167.780	3.225
167.885	3.220
167.990	3.224
168.095	3.224
168.200	3.220
168.305	3.218
168.410	3.214
168.515	3.214
168.620	3.215
168.724	3.214
168.829	3.211
168.934	3.202
169.039	3.206
169.143	3.204
169.248	3.205
169.354	3.198
169.458	3.195
169.563	3.197
169.669	3.193
169.774	3.192
169.877	3.194
169.982	3.188
170.088	3.187
170.193	3.190
170.298	3.186
170.403	3.186
170.508	3.181
170.613	3.177
170.717	3.179
170.824	3.179
170.930	3.178
171.035	3.171
171.140	3.169
171.245	3.171
171.349	3.167
171.455	3.164
171.561	3.163
171.667	3.157
171.771	3.160
171.877	3.158
171.982	3.159
172.086	3.153
172.190	3.155
172.293	3.152
172.399	3.154
172.505	3.149
172.609	3.143
172.715	3.142
172.819	3.146
172.925	3.145
173.029	3.138
173.133	3.142
173.239	3.137
173.343	3.132
173.447	3.134
173.552	3.136
173.656	3.131
173.760	3.117
173.865	3.130
173.970	3.130
174.075	3.123
174.180	3.125
174.285	3.111
174.392	3.115
174.497	3.122
174.601	3.119
174.705	3.114
174.810	3.113
174.915	3.110
175.020	3.108
175.125	3.105
175.230	3.108
175.335	3.102
175.441	3.098
175.547	3.096
175.651	3.100
175.755	3.101
175.859	3.096
175.963	3.089
176.067	3.091
176.173	3.091
176.278	3.087
176.383	3.088
176.487	3.080
176.591	3.079
176.697	3.081
176.801	3.081
176.908	3.079
177.013	3.075
177.117	3.070
177.223	3.069
177.328	3.067
177.432	3.067
177.537	3.068
177.641	3.065
177.745	3.061
177.849	3.063
177.952	3.062
178.057	3.057
178.161	3.058
178.265	3.053
178.371	3.054
178.477	3.053
178.583	3.048
178.688	3.047
178.793	3.046
178.897	3.044
179.003	3.044
179.108	3.041
179.213	3.036
179.318	3.038
179.423	3.035
179.529	3.031
179.634	3.033
179.739	3.034
179.843	3.030
179.947	3.027
180.052	3.023
180.158	3.026
180.263	3.023
180.369	3.018
180.474	3.017
180.579	3.016
180.685	3.016
180.790	3.014
180.893	3.015
180.999	3.012
181.105	3.004
181.210	3.011
181.315	3.006
181.421	3.003
181.526	3.001
181.632	2.992
181.738	3.000
181.843	2.995
181.946	2.994
182.051	2.991
182.154	2.985
182.260	2.992
182.365	2.989
182.470	2.988
182.574	2.980
182.680	2.983
182.785	2.982
182.891	2.980
182.996	2.980
183.101	2.973
183.206	2.971
183.311	2.972
183.417	2.973
183.523	2.971
183.626	2.966
183.731	2.960
183.835	2.962
183.940	2.965
184.045	2.961
184.150	2.956
184.255	2.952
184.360	2.954
184.465	2.955
184.570	2.949
184.675	2.951
184.779	2.944
184.885	2.947
184.991	2.945
185.095	2.945
185.202	2.941
185.306	2.937
185.411	2.933
185.515	2.935
185.620	2.934
185.724	2.935
185.830	2.928
185.935	2.927
186.040	2.926
186.145	2.927
186.250	2.922
186.354	2.922
186.460	2.921
186.566	2.916
186.670	2.918
186.774	2.917
186.880	2.910
186.986	2.912
187.092	2.906
187.198	2.911
187.303	2.912
187.408	2.900
187.513	2.900
187.618	2.900
187.724	2.901
187.828	2.901
187.933	2.892
188.037	2.888
188.143	2.890
188.248	2.891
188.353	2.889
188.457	2.886
188.561	2.887
188.667	2.878
188.772	2.878
188.877	2.883
188.982	2.880
189.086	2.874
189.191	2.872
189.295	2.871
189.400	2.872
189.505	2.869
189.610	2.864
189.716	2.867
189.820	2.863
189.925	2.863
190.030	2.860
190.135	2.856
190.240	2.854
190.345	2.856
190.450	2.852
190.554	2.853
190.660	2.850
190.765	2.848
190.870	2.849
190.975	2.842
191.079	2.842
191.185	2.846
191.289	2.838
191.394	2.842
191.498	2.835
191.602	2.830
191.708	2.835
191.812	2.832
191.918	2.832
192.023	2.826
192.128	2.823
192.233	2.825
192.337	2.821
192.443	2.827
192.549	2.821
192.653	2.815
192.758	2.815
192.863	2.814
192.968	2.816
193.074	2.813
193.178	2.807
193.283	2.805
193.387	2.802
193.491	2.806
193.597	2.802
193.701	2.800
193.808	2.794
193.913	2.795
194.018	2.798
194.123	2.797
194.229	2.792
194.333	2.787
194.438	2.785
194.542	2.789
194.648	2.789
194.753	2.785
194.858	2.777
194.963	2.776
195.068	2.777
195.172	2.776
195.277	2.778
195.382	2.770
195.488	2.767
195.593	2.766
195.698	2.769
195.803	2.767
195.908	2.767
196.013	2.757
196.119	2.758
196.224	2.760
196.330	2.764
196.436	2.762
196.542	2.750
196.648	2.753
196.754	2.751
196.858	2.751
196.965	2.747
197.070	2.742
197.174	2.738
197.280	2.740
197.385	2.743
197.491	2.742
197.596	2.736
197.699	2.726
197.805	2.732
197.910	2.736
198.016	2.734
198.121	2.728
198.225	2.723
198.330	2.720
198.436	2.721
198.540	2.725
198.645	2.721
198.750	2.722
198.855	2.715
198.960	2.712
199.064	2.715
199.169	2.715
199.274	2.713
199.378	2.704
199.484	2.705
199.588	2.702
199.691	2.708
199.795	2.700
199.899	2.699
200.004	2.700
200.109	2.693
200.212	2.697
200.316	2.695
200.421	2.698
200.526	2.689
200.629	2.687
200.735	2.682
200.839	2.690
200.944	2.685
201.049	2.687
201.154	2.672
201.259	2.677
201.364	2.676
201.468	2.679
201.575	2.678
201.680	2.671
201.785	2.669
201.891	2.662
201.995	2.668
202.100	2.669
202.205	2.662
202.310	2.660
202.415	2.659
202.521	2.658
202.627	2.659
202.731	2.655
202.838	2.650
202.944	2.650
203.049	2.649
203.154	2.649
203.259	2.648
203.364	2.642
203.469	2.642
203.575	2.639
203.680	2.640
203.785	2.637
203.889	2.638
203.995	2.631
204.100	2.634
204.205	2.630
204.310	2.632
204.415	2.630
204.520	2.624
204.625	2.626
204.731	2.621
204.835	2.621
204.940	2.619
205.044	2.619
205.149	2.618
205.254	2.616
205.360	2.608
205.464	2.611
205.568	2.611
205.673	2.609
205.778	2.610
205.883	2.604
205.988	2.602
206.094	2.602
206.198	2.601
206.303	2.599
206.408	2.592
206.513	2.595
206.619	2.596
206.723	2.591
206.828	2.592
206.934	2.585
207.039	2.585
207.145	2.584
207.251	2.583
207.356	2.581
207.461	2.578
207.567	2.573
207.672	2.572
207.778	2.573
207.883	2.574
207.988	2.565
208.094	2.567
208.198	2.567
208.304	2.567
208.410	2.561
208.513	2.563
208.618	2.560
208.722	2.558
208.826	2.555
208.929	2.555
209.033	2.551
209.138	2.553
209.243	2.551
209.348	2.546
209.453	2.549
209.559	2.543
209.666	2.542
209.769	2.539
209.875	2.538
209.980	2.532
210.085	2.535
210.189	2.532
210.293	2.534
210.398	2.530
210.503	2.531
210.608	2.526
210.713	2.525
210.819	2.523
210.922	2.521
211.028	2.519
211.132	2.517
211.238	2.517
211.343	2.517
211.449	2.515
211.555	2.512
211.658	2.511
211.764	2.511
211.869	2.507
211.973	2.505
212.079	2.502
212.184	2.503
212.289	2.500
212.393	2.496
212.498	2.495
212.603	2.496
212.707	2.489
212.813	2.489
212.918	2.492
213.023	2.486
213.128	2.485
213.233	2.486
213.339	2.483
213.443	2.480
213.548	2.479
213.653	2.475
213.757	2.476
213.862	2.476
213.968	2.474
214.072	2.471
214.177	2.472
214.282	2.469
214.388	2.468
214.492	2.464
214.598	2.465
214.703	2.465
214.808	2.456
214.911	2.458
215.016	2.456
215.120	2.455
215.226	2.452
215.331	2.454
215.436	2.440
215.540	2.448
215.646	2.448
215.751	2.449
215.856	2.445
215.961	2.435
216.066	2.434
216.171	2.433
216.275	2.439
216.381	2.441
216.485	2.429
216.589	2.424
216.693	2.425
216.798	2.429
216.903	2.431
217.007	2.424
217.112	2.418
217.216	2.416
217.320	2.419
217.426	2.420
217.531	2.419
217.636	2.412
217.741	2.406
217.846	2.406
217.950	2.412
218.055	2.409
218.159	2.404
218.262	2.398
218.367	2.396
218.472	2.398
218.578	2.401
218.681	2.399
218.786	2.393
218.890	2.389
218.995	2.387
219.100	2.393
219.206	2.391
219.311	2.389
219.416	2.377
219.521	2.376
219.626	2.380
219.730	2.382
219.836	2.380
219.941	2.371
220.046	2.368
220.150	2.369
220.256	2.375
220.361	2.375
220.467	2.370
220.571	2.362
220.675	2.359
220.781	2.362
220.885	2.363
220.989	2.361
221.094	2.355
221.198	2.345
221.303	2.349
221.408	2.354
221.513	2.355
221.617	2.347
221.723	2.344
221.828	2.341
221.933	2.341
222.038	2.344
222.143	2.343
222.248	2.342
222.355	2.333
222.460	2.329
222.565	2.337
222.670	2.332
222.775	2.332
222.879	2.325
222.984	2.320
223.091	2.319
223.195	2.325
223.300	2.322
223.406	2.318
223.511	2.309
223.616	2.310
223.720	2.317
223.825	2.316
223.931	2.313
224.035	2.303
224.141	2.301
224.246	2.301
224.350	2.307
224.456	2.308
224.559	2.301
224.665	2.294
224.770	2.291
224.876	2.297
224.981	2.297
225.085	2.293
225.191	2.290
225.296	2.280
225.400	2.283
225.505	2.288
225.611	2.284
225.716	2.277
225.821	2.278
225.925	2.275
226.030	2.277
226.136	2.276
226.240	2.274
226.345	2.268
226.450	2.266
226.556	2.265
226.661	2.265
226.768	2.263
226.873	2.260
226.978	2.259
227.083	2.256
227.187	2.255
227.292	2.252
227.396	2.250
227.501	2.246
227.605	2.252
227.710	2.245
227.815	2.247
227.920	2.246
228.025	2.242
228.130	2.240
228.236	2.237
228.341	2.240
228.445	2.238
228.549	2.234
228.654	2.231
228.760	2.230
228.863	2.231
228.968	2.231
229.074	2.230
229.178	2.222
229.282	2.222
229.387	2.219
229.492	2.221
229.597	2.218
229.701	2.215
229.807	2.211
229.913	2.209
230.018	2.207
230.122	2.212
230.228	2.211
230.333	2.207
230.438	2.201
230.543	2.203
230.649	2.201
230.753	2.201
230.857	2.197
230.964	2.192
231.069	2.194
231.173	2.193
231.278	2.192
231.383	2.190
231.489	2.186
231.593	2.182
231.698	2.184
231.803	2.184
231.907	2.184
232.012	2.178
232.116	2.176
232.221	2.171
232.325	2.173
232.429	2.176
232.534	2.175
232.638	2.168
232.742	2.164
232.848	2.159
232.954	2.161
233.059	2.167
233.162	2.164
233.269	2.158
233.373	2.157
233.478	2.153
233.584	2.152
233.688	2.153
233.793	2.151
233.898	2.148
234.001	2.143
234.106	2.140
234.210	2.145
234.316	2.141
234.421	2.140
234.526	2.137
234.632	2.135
234.736	2.137
234.841	2.138
234.945	2.135
235.051	2.128
235.156	2.127
235.260	2.126
235.364	2.124
235.469	2.125
235.573	2.125
235.679	2.119
235.784	2.113
235.888	2.111
235.993	2.112
236.098	2.114
236.204	2.114
236.309	2.109
236.414	2.102
236.518	2.102
236.623	2.104
236.729	2.108
236.835	2.105
236.940	2.097
237.044	2.090
237.149	2.092
237.255	2.096
237.359	2.096
237.464	2.092
237.569	2.084
237.674	2.081
237.780	2.083
237.886	2.085
237.991	2.088
238.096	2.081
238.203	2.076
238.307	2.073
238.412	2.077
238.518	2.076
238.622	2.077
238.726	2.070
238.832	2.065
238.937	2.063
239.043	2.064
239.147	2.067
239.251	2.064
239.356	2.060
239.460	2.057
239.566	2.053
239.670	2.055
239.776	2.055
239.881	2.052
239.986	2.050
240.091	2.041
240.196	2.046
240.300	2.050
240.406	2.048
240.511	2.044
240.615	2.040
240.721	2.037
240.825	2.035
240.931	2.037
241.035	2.037
241.140	2.032
241.246	2.031
241.350	2.026
241.455	2.031
241.561	2.028
241.666	2.028
241.771	2.021
241.875	2.019
241.981	2.019
242.086	2.016
242.190	2.019
242.294	2.019
242.398	2.011
242.502	2.009
242.607	2.009
242.712	2.012
242.818	2.007
242.923	2.005
243.028	1.999
243.133	1.997
243.237	1.996
243.341	1.999
243.446	2.000
243.553	1.997
243.657	1.991
243.763	1.990
243.867	1.987
243.970	1.986
244.076	1.989
244.181	1.986
244.286	1.984
244.391	1.981
244.495	1.977
244.599	1.977
244.703	1.977
244.809	1.973
244.915	1.971
245.021	1.970
245.126	1.969
245.231	1.970
245.337	1.962
245.441	1.964
245.546	1.966
245.650	1.960
245.754	1.956
245.858	1.955
245.962	1.956
246.066	1.955
246.171	1.952
246.276	1.951
246.380	1.952
246.486	1.950
246.591	1.946
246.696	1.945
246.799	1.944
246.904	1.941
247.009	1.940
247.115	1.936
247.221	1.934
247.325	1.934
247.431	1.935
247.535	1.934
247.639	1.931
247.744	1.930
247.849	1.923
247.955	1.924
248.061	1.925
248.165	1.923
248.270	1.921
248.375	1.919
248.480	1.917
248.586	1.918
248.691	1.915
248.796	1.912
248.901	1.912
249.006	1.910
249.111	1.906
249.215	1.903
249.322	1.902
249.427	1.903
249.533	1.901
249.639	1.900
249.743	1.898
249.849	1.893
249.953	1.893
250.057	1.896
250.163	1.893
250.268	1.888
250.373	1.890
250.478	1.884
250.583	1.884
250.689	1.881
250.793	1.880
250.897	1.878
251.001	1.876
251.105	1.874
251.211	1.875
251.315	1.873
251.419	1.870
251.523	1.870
251.628	1.867
251.732	1.865
251.836	1.861
251.943	1.864
252.047	1.861
252.153	1.858
252.257	1.855
252.363	1.853
252.468	1.854
252.573	1.853
252.678	1.851
252.784	1.850
252.888	1.844
252.993	1.842
253.098	1.845
253.204	1.843
253.309	1.843
253.416	1.837
253.520	1.834
253.626	1.835
253.731	1.834
253.836	1.834
253.941	1.833
254.046	1.832
254.151	1.827
254.255	1.826
254.362	1.825
254.468	1.824
254.573	1.822
254.678	1.818
254.783	1.818
254.888	1.813
254.993	1.814
255.098	1.813
255.202	1.811
255.308	1.810
255.412	1.808
255.516	1.806
255.620	1.803
255.725	1.802
255.831	1.801
255.938	1.798
256.043	1.797
256.148	1.797
256.254	1.793
256.358	1.794
256.463	1.795
256.568	1.789
256.674	1.785
256.779	1.784
256.883	1.785
256.988	1.783
257.093	1.780
257.199	1.780
257.304	1.781
257.408	1.777
257.513	1.777
257.619	1.775
257.724	1.765
257.829	1.768
257.934	1.768
258.038	1.765
258.143	1.766
258.249	1.761
258.353	1.755
258.457	1.762
258.563	1.755
258.668	1.761
258.772	1.757
258.876	1.750
258.981	1.747
259.086	1.745
259.191	1.747
259.295	1.749
259.401	1.747
259.506	1.740
259.610	1.739
259.715	1.737
259.821	1.738
259.926	1.739
260.031	1.736
260.137	1.732
260.243	1.733
260.348	1.729
260.453	1.728
260.557	1.731
260.661	1.725
260.766	1.726
260.871	1.719
260.975	1.715
261.081	1.719
261.185	1.715
261.290	1.717
261.395	1.719
261.499	1.713
261.604	1.709
261.708	1.706
261.813	1.699
261.918	1.702
262.023	1.704
262.129	1.699
262.233	1.698
262.338	1.696
262.444	1.690
262.548	1.694
262.653	1.695
262.759	1.693
262.864	1.690
262.969	1.686
263.074	1.684
263.178	1.685
263.284	1.685
263.389	1.686
263.496	1.680
263.601	1.673
263.707	1.676
263.812	1.675
263.917	1.674
264.022	1.673
264.127	1.672
264.232	1.667
264.338	1.664
264.443	1.663
264.547	1.663
264.653	1.664
264.759	1.660
264.863	1.657
264.968	1.651
265.073	1.654
265.179	1.654
265.284	1.652
265.389	1.649
265.494	1.648
265.598	1.644
265.703	1.644
265.808	1.642
265.914	1.642
266.019	1.643
266.124	1.639
266.229	1.633
266.336	1.631
266.441	1.633
266.546	1.634
266.651	1.631
266.755	1.627
266.861	1.625
266.966	1.623
267.071	1.618
267.174	1.620
267.281	1.623
267.386	1.619
267.490	1.615
267.595	1.615
267.702	1.613
267.806	1.612
267.912	1.611
268.017	1.610
268.122	1.606
268.227	1.601
268.331	1.603
268.437	1.603
268.541	1.602
268.645	1.601
268.751	1.598
268.855	1.592
268.961	1.591
269.065	1.590
269.169	1.592
269.276	1.591
269.381	1.590
269.485	1.587
269.590	1.580
269.696	1.581
269.800	1.576
269.905	1.582
270.011	1.578
270.116	1.576
270.221	1.571
270.326	1.569
270.430	1.571
270.534	1.572
270.638	1.571
270.743	1.566
270.848	1.564
270.954	1.563
271.059	1.559
271.164	1.560
271.268	1.559
271.373	1.556
271.479	1.554
271.583	1.550
271.688	1.547
271.793	1.548
271.898	1.548
272.003	1.551
272.107	1.546
272.211	1.543
272.316	1.540
272.421	1.541
272.525	1.540
272.631	1.540
272.736	1.535
272.841	1.534
272.946	1.530
273.051	1.525
273.156	1.529
273.260	1.527
273.366	1.527
273.471	1.525
273.574	1.518
273.680	1.517
273.786	1.519
273.891	1.516
273.995	1.518
274.101	1.515
274.206	1.509
274.311	1.511
274.415	1.506
274.521	1.507
274.627	1.503
274.731	1.503
274.836	1.500
274.941	1.501
275.047	1.498
275.152	1.495
275.258	1.495
275.363	1.495
275.469	1.492
275.574	1.492
275.679	1.485
275.786	1.484
275.891	1.486
275.996	1.486
276.101	1.484
276.207	1.479
276.313	1.477
276.417	1.475
276.523	1.474
276.627	1.474
276.732	1.475
276.838	1.472
276.943	1.464
277.048	1.468
277.153	1.464
277.258	1.464
277.364	1.464
277.468	1.459
277.573	1.459
277.678	1.461
277.783	1.457
277.888	1.453
277.994	1.454
278.101	1.450
278.205	1.453
278.309	1.446
278.413	1.442
278.518	1.444
278.623	1.442
278.728	1.444
278.833	1.444
278.938	1.437
279.044	1.434
279.149	1.431
279.253	1.434
279.358	1.434
279.463	1.436
279.568	1.432
279.673	1.426
279.778	1.422
279.883	1.422
279.988	1.422
280.094	1.420
280.200	1.421
280.306	1.414
280.412	1.414
280.518	1.405
280.624	1.410
280.728	1.411
280.833	1.410
280.939	1.408
281.046	1.403
281.150	1.402
281.255	1.400
281.359	1.398
281.464	1.398
281.569	1.397
281.673	1.396
281.778	1.391
281.883	1.390
281.988	1.387
282.093	1.389
282.197	1.389
282.301	1.387
282.407	1.383
282.513	1.382
282.618	1.378
282.723	1.379
282.827	1.375
282.933	1.376
283.039	1.373
283.144	1.372
283.248	1.367
283.353	1.364
283.457	1.366
283.562	1.366
283.668	1.365
283.772	1.364
283.878	1.358
283.982	1.358
284.086	1.355
284.193	1.353
284.297	1.352
284.403	1.353
284.509	1.353
284.613	1.348
284.718	1.344
284.822	1.343
284.927	1.344
285.033	1.343
285.137	1.343
285.241	1.340
285.346	1.337
285.451	1.334
285.556	1.334
285.663	1.332
285.767	1.334
285.871	1.332
285.976	1.332
286.081	1.325
286.186	1.323
286.290	1.323
286.396	1.324
286.501	1.320
286.605	1.319
286.711	1.317
286.816	1.314
286.922	1.312
287.026	1.308
287.131	1.311
287.236	1.308
287.341	1.306
287.446	1.304
287.551	1.303
287.655	1.299
287.761	1.297
287.864	1.299
287.969	1.299
288.073	1.296
288.178	1.294
288.282	1.289
288.387	1.289
288.493	1.287
288.598	1.290
288.704	1.289
288.808	1.284
288.913	1.284
289.018	1.280
289.124	1.275
289.228	1.278
289.332	1.275
289.436	1.275
289.542	1.275
289.647	1.272
289.751	1.267
289.856	1.267
289.960	1.265
290.066	1.265
290.170	1.262
290.276	1.260
290.380	1.257
290.485	1.256
290.589	1.257
290.694	1.255
290.798	1.253
290.903	1.253
291.008	1.248
291.113	1.250
291.218	1.249
291.323	1.243
291.427	1.244
291.533	1.244
291.639	1.241
291.744	1.238
291.849	1.235
291.955	1.231
292.059	1.231
292.166	1.230
292.272	1.232
292.375	1.229
292.480	1.232
292.586	1.228
292.692	1.222
292.796	1.219
292.900	1.222
293.006	1.219
293.111	1.222
293.216	1.217
293.320	1.216
293.425	1.211
293.531	1.209
293.635	1.210
293.741	1.210
293.845	1.207
293.950	1.203
294.054	1.204
294.159	1.198
294.263	1.202
294.369	1.199
294.474	1.196
294.578	1.199
294.684	1.197
294.789	1.192
294.893	1.188
294.999	1.188
295.103	1.187
295.208	1.186
295.312	1.183
295.417	1.186
295.524	1.179
295.629	1.174
295.734	1.175
295.840	1.176
295.946	1.175
296.051	1.172
296.156	1.173
296.260	1.167
296.366	1.165
296.471	1.168
296.576	1.162
296.681	1.160
296.786	1.161
296.890	1.157
296.996	1.158
297.101	1.154
297.205	1.153
297.310	1.152
297.415	1.152
297.519	1.146
297.626	1.150
297.730	1.150
297.834	1.143
297.941	1.143
298.046	1.140
298.150	1.139
298.255	1.140
298.360	1.137
298.466	1.134
298.570	1.136
298.674	1.130
298.781	1.128
298.885	1.130
298.990	1.127
299.096	1.125
299.201	1.125
299.306	1.123
299.411	1.118
299.516	1.119
299.620	1.117
299.725	1.113
299.829	1.118
299.933	1.116
300.038	1.109
300.143	1.111
300.249	1.105
300.353	1.104
300.457	1.103
300.563	1.106
300.668	1.099
300.774	1.099
300.879	1.094
300.984	1.090
301.088	1.093
301.193	1.093
301.297	1.090
301.402	1.091
301.508	1.091
301.613	1.086
301.719	1.083
301.824	1.086
301.931	1.080
302.036	1.083
302.141	1.078
302.246	1.078
302.350	1.077
302.454	1.071
302.561	1.070
302.666	1.069
302.773	1.069
302.877	1.067
302.982	1.067
303.087	1.064
303.193	1.062
303.298	1.062
303.403	1.060
303.509	1.057
303.613	1.056
303.718	1.056
303.823	1.054
303.929	1.052
304.034	1.049
304.139	1.049
304.243	1.047
304.349	1.042
304.453	1.038
304.559	1.042
304.663	1.041
304.768	1.038
304.874	1.036
304.979	1.034
305.083	1.030
305.188	1.031
305.294	1.030
305.398	1.027
305.503	1.024
305.609	1.025
305.714	1.024
305.819	1.021
305.923	1.022
306.027	1.021
306.132	1.018
306.238	1.018
306.343	1.016
306.447	1.011
306.551	1.011
306.657	1.012
306.763	1.007
306.868	1.005
306.974	1.007
307.080	1.002
307.186	1.002
307.291	1.002
307.396	0.997
307.501	0.994
307.606	0.998
307.711	0.993
307.816	0.989
307.921	0.991
308.026	0.988
308.131	0.988
308.236	0.988
308.341	0.984
308.446	0.981
308.553	0.981
308.658	0.976
308.763	0.976
308.868	0.976
308.973	0.971
309.078	0.971
309.184	0.970
309.288	0.968
309.394	0.968
309.498	0.964
309.604	0.964
309.710	0.960
309.816	0.958
309.920	0.957
310.024	0.959
310.129	0.954
310.234	0.956
310.340	0.952
310.443	0.950
310.548	0.949
310.653	0.948
310.760	0.946
310.864	0.949
310.968	0.943
311.074	0.941
311.178	0.941
311.283	0.938
311.389	0.936
311.494	0.934
311.601	0.933
311.705	0.933
311.811	0.930
311.915	0.926
312.020	0.926
312.125	0.923
312.229	0.921
312.333	0.921
312.438	0.917
312.543	0.920
312.647	0.917
312.751	0.915
312.856	0.917
312.961	0.911
313.066	0.910
313.171	0.912
313.277	0.909
313.381	0.904
313.487	0.905
313.591	0.905
313.696	0.900
313.800	0.897
313.906	0.900
314.011	0.893
314.116	0.895
314.221	0.894
314.326	0.895
314.431	0.891
314.536	0.889
314.641	0.887
314.746	0.886
314.851	0.884
314.956	0.882
315.061	0.880
315.165	0.880
315.269	0.882
315.373	0.875
315.479	0.876
315.584	0.871
315.689	0.869
315.794	0.869
315.898	0.865
316.003	0.864
316.108	0.864
316.214	0.861
316.318	0.862
316.423	0.859
316.528	0.858
316.634	0.857
316.738	0.855
316.844	0.852
316.948	0.849
317.053	0.849
317.157	0.847
317.262	0.845
317.366	0.844
317.471	0.842
317.576	0.841
317.680	0.838
317.784	0.837
317.889	0.836
317.994	0.832
318.099	0.834
318.203	0.831
318.309	0.826
318.413	0.826
318.518	0.825
318.623	0.829
318.728	0.823
318.833	0.819
318.937	0.818
319.043	0.816
319.148	0.816
319.253	0.813
319.358	0.812
319.463	0.808
319.568	0.807
319.673	0.806
319.778	0.807
319.884	0.804
319.989	0.805
320.096	0.801
320.200	0.798
320.306	0.800
320.411	0.796
320.515	0.796
320.619	0.796
320.725	0.792
320.831	0.787
320.937	0.789
321.041	0.790
321.146	0.785
321.250	0.783
321.356	0.783
321.462	0.779
321.565	0.775
321.671	0.779
321.775	0.779
321.880	0.775
321.986	0.773
322.090	0.770
322.195	0.770
322.301	0.769
322.406	0.767
322.511	0.765
322.616	0.764
322.721	0.760
322.826	0.758
322.931	0.760
323.036	0.755
323.140	0.756
323.245	0.754
323.349	0.752
323.454	0.750
323.559	0.748
323.663	0.748
323.769	0.748
323.874	0.740
323.979	0.744
324.083	0.739
324.188	0.738
324.294	0.740
324.398	0.736
324.504	0.736
324.609	0.731
324.713	0.731
324.819	0.732
324.923	0.730
325.027	0.728
325.131	0.725
325.236	0.724
325.341	0.719
325.446	0.720
325.551	0.719
325.655	0.715
325.759	0.714
325.864	0.715
325.971	0.713
326.075	0.708
326.181	0.709
326.286	0.709
326.391	0.707
326.496	0.704
326.601	0.706
326.706	0.703
326.810	0.704
326.915	0.698
327.021	0.699
327.126	0.696
327.231	0.695
327.336	0.694
327.441	0.691
327.546	0.689
327.650	0.688
327.755	0.685
327.859	0.684
327.965	0.684
328.069	0.680
328.174	0.679
328.280	0.679
328.386	0.676
328.491	0.672
328.597	0.674
328.701	0.671
328.806	0.672
328.911	0.668
329.016	0.666
329.121	0.661
329.226	0.661
329.332	0.661
329.436	0.659
329.540	0.659
329.646	0.654
329.751	0.653
329.856	0.651
329.961	0.651
330.066	0.649
330.171	0.649
330.276	0.646
330.381	0.646
330.485	0.645
330.589	0.641
330.693	0.642
330.798	0.640
330.903	0.636
331.009	0.637
331.113	0.633
331.218	0.633
331.324	0.631
331.429	0.627
331.533	0.630
331.639	0.629
331.743	0.625
331.848	0.622
331.953	0.620
332.057	0.620
332.162	0.620
332.268	0.615
332.372	0.615
332.476	0.614
332.583	0.610
332.688	0.607
332.793	0.607
332.897	0.607
333.002	0.605
333.108	0.603
333.213	0.602
333.318	0.598
333.423	0.601
333.528	0.598
333.632	0.596
333.737	0.593
333.843	0.590
333.948	0.588
334.053	0.589
334.160	0.584
334.265	0.585
334.369	0.583
334.473	0.581
334.578	0.579
334.684	0.577
334.788	0.576
334.895	0.575
334.999	0.577
335.105	0.573
335.210	0.568
335.316	0.566
335.420	0.569
335.525	0.566
335.630	0.566
335.735	0.562
335.840	0.562
335.946	0.560
336.051	0.558
336.156	0.558
336.262	0.554
336.367	0.554
336.471	0.551
336.576	0.551
336.681	0.548
336.785	0.549
336.889	0.546
336.994	0.542
337.100	0.543
337.204	0.540
337.309	0.539
337.413	0.539
337.519	0.538
337.623	0.536
337.729	0.535
337.833	0.531
337.938	0.530
338.043	0.526
338.149	0.527
338.254	0.523
338.358	0.525
338.463	0.524
338.567	0.522
338.672	0.522
338.775	0.520
338.881	0.516
338.986	0.513
339.090	0.512
339.196	0.510
339.301	0.509
339.406	0.508
339.510	0.503
339.616	0.504
339.721	0.500
339.825	0.500
339.931	0.502
340.035	0.498
340.140	0.497
340.246	0.495
340.351	0.495
340.456	0.491
340.560	0.492
340.664	0.490
340.769	0.489
340.875	0.485
340.981	0.482
341.086	0.482
341.190	0.483
341.296	0.479
341.402	0.480
341.508	0.476
341.613	0.473
341.717	0.472
341.821	0.471
341.926	0.470
342.031	0.467
342.136	0.466
342.241	0.464
342.346	0.465
342.451	0.459
342.556	0.461
342.661	0.458
342.766	0.456
342.871	0.454
342.975	0.456
343.079	0.450
343.186	0.451
343.291	0.448
343.396	0.446
343.501	0.444
343.607	0.444
343.713	0.445
343.818	0.443
343.923	0.434
344.028	0.438
344.133	0.439
344.238	0.430
344.343	0.431
344.447	0.430
344.553	0.430
344.657	0.428
344.763	0.429
344.868	0.425
344.974	0.425
345.078	0.422
345.183	0.417
345.288	0.416
345.393	0.418
345.498	0.414
345.603	0.414
345.709	0.410
345.813	0.409
345.918	0.407
346.024	0.407
346.131	0.406
346.236	0.405
346.340	0.401
346.444	0.401
346.549	0.398
346.653	0.396
346.759	0.395
346.864	0.394
346.969	0.393
347.073	0.388
347.179	0.388
347.283	0.387
347.389	0.385
347.494	0.386
347.599	0.384
347.704	0.380
347.809	0.380
347.916	0.374
348.020	0.378
348.125	0.373
348.231	0.375
348.335	0.373
348.441	0.370
348.546	0.370
348.651	0.370
348.756	0.366
348.860	0.364
348.965	0.365
349.071	0.359
349.176	0.359
349.281	0.358
349.386	0.356
349.491	0.355
349.596	0.353
349.700	0.352
349.804	0.344
349.911	0.349
350.016	0.344
350.121	0.346
350.226	0.346
350.331	0.340
350.436	0.338
350.541	0.337
350.646	0.336
350.751	0.331
350.856	0.335
350.959	0.331
351.064	0.331
351.169	0.328
351.273	0.329
351.379	0.327
351.483	0.327
351.588	0.318
351.692	0.317
351.798	0.318
351.903	0.319
352.008	0.315
352.113	0.312
352.219	0.311
352.324	0.311
352.429	0.307
352.533	0.311
352.638	0.303
352.744	0.303
352.850	0.302
352.956	0.300
353.060	0.301
353.166	0.299
353.271	0.294
353.377	0.298
353.481	0.295
353.586	0.292
353.690	0.289
353.795	0.289
353.901	0.286
354.006	0.283
354.110	0.280
354.216	0.281
354.321	0.281
354.425	0.280
354.530	0.276
354.636	0.274
354.741	0.272
354.846	0.271
354.951	0.270
355.056	0.269
355.161	0.269
355.266	0.265
355.371	0.264
355.476	0.263
355.582	0.261
355.687	0.258
355.793	0.257
355.899	0.256
356.004	0.253
356.108	0.253
356.213	0.248
356.319	0.249
356.426	0.247
356.531	0.246
356.636	0.244
356.741	0.242
356.845	0.241
356.950	0.240
357.056	0.238
357.160	0.233
357.266	0.232
357.371	0.230
357.476	0.231
357.581	0.230
357.686	0.228
357.791	0.225
357.896	0.224
358.001	0.222
358.105	0.222
358.211	0.220
358.316	0.220
358.420	0.214
358.526	0.214
358.630	0.214
358.736	0.212
358.842	0.211
358.946	0.213
359.051	0.207
359.155	0.208
359.259	0.205
359.364	0.203
359.469	0.202
359.574	0.199
359.679	0.200
359.784	0.196
359.890	0.196
359.996	0.193
360.101	0.191
360.207	0.195
360.314	0.191
360.418	0.191
360.524	0.189
360.628	0.189
360.734	0.186
360.838	0.186
360.943	0.184
361.048	0.183
361.153	0.181
361.259	0.182
361.364	0.181
361.468	0.181
361.573	0.176
361.677	0.175
361.782	0.177
361.888	0.176
361.994	0.172
362.099	0.173
362.203	0.174
362.308	0.173
362.413	0.171
362.519	0.168
362.623	0.170
362.728	0.168
362.834	0.167
362.938	0.168
363.043	0.164
363.149	0.164
363.253	0.161
363.359	0.164
363.464	0.163
363.568	0.161
363.673	0.162
363.778	0.158
363.883	0.158
363.989	0.158
364.093	0.159
364.198	0.155
364.304	0.157
364.409	0.154
364.515	0.154
364.619	0.153
364.723	0.150
364.828	0.151
364.934	0.152
365.038	0.151
365.143	0.149
365.248	0.149
365.354	0.149
365.459	0.146
365.563	0.144
365.668	0.145
365.773	0.145
365.878	0.144
365.983	0.144
366.088	0.144
366.193	0.143
366.299	0.142
366.403	0.139
366.509	0.140
366.615	0.141
366.721	0.139
366.826	0.136
366.931	0.139
367.035	0.137
367.139	0.136
367.244	0.137
367.349	0.135
367.454	0.134
367.559	0.136
367.664	0.132
367.768	0.134
367.873	0.134
367.979	0.131
368.083	0.132
368.189	0.134
368.294	0.131
368.399	0.131
368.504	0.127
368.608	0.129
368.715	0.130
368.819	0.128
368.923	0.127
369.029	0.126
369.134	0.124
369.237	0.125
369.342	0.123
369.445	0.126
369.551	0.125
369.656	0.120
369.761	0.122
369.866	0.121
369.971	0.123
370.077	0.122
370.181	0.123
370.286	0.121
370.392	0.122
370.496	0.121
370.601	0.120
370.707	0.122
370.812	0.122
370.916	0.123
371.021	0.121
371.127	0.119
371.233	0.121
371.339	0.118
371.444	0.118
371.549	0.120
371.656	0.117
371.761	0.119
371.865	0.120
371.971	0.117
372.075	0.117
372.180	0.114
372.285	0.118
372.390	0.118
372.494	0.115
372.599	0.118
372.704	0.114
372.808	0.115
372.913	0.110
373.018	0.114
373.124	0.114
373.229	0.112
373.334	0.115
373.440	0.112
373.546	0.113
373.651	0.112
373.756	0.110
373.861	0.110
373.966	0.108
374.072	0.108
374.177	0.110
374.282	0.108
374.386	0.110
374.490	0.109
374.596	0.109
374.702	0.108
374.808	0.108
374.913	0.109
375.017	0.107
375.122	0.108
375.226	0.110
375.331	0.108
375.436	0.106
375.540	0.106
375.646	0.109
375.749	0.107
375.854	0.108
375.959	0.106
376.063	0.106
376.168	0.102
376.274	0.105
376.378	0.105
376.483	0.105
376.587	0.103
376.693	0.106
376.799	0.104
376.903	0.103
377.008	0.106
377.114	0.101
377.220	0.101
377.324	0.101
377.428	0.105
377.533	0.103
377.638	0.104
377.743	0.103
377.849	0.105
377.956	0.101
378.062	0.105
378.167	0.101
378.273	0.102
378.379	0.102
378.483	0.100
378.588	0.101
378.695	0.104
378.800	0.100
378.904	0.101
379.008	0.104
379.114	0.101
379.219	0.102
379.324	0.103
379.431	0.098
379.536	0.102
379.642	0.102
379.746	0.099
379.851	0.101
379.956	0.098
380.062	0.097
