61.143	3.929
61.252	3.936
61.357	3.926
61.461	3.912
61.565	3.908
61.670	3.912
61.776	3.908
61.880	3.890
61.985	3.875
62.089	3.870
62.194	3.875
62.299	3.872
62.404	3.860
62.509	3.845
62.615	3.836
62.719	3.841
62.824	3.840
62.930	3.825
63.035	3.807
63.140	3.799
63.245	3.802
63.349	3.804
63.454	3.789
63.559	3.772
63.664	3.765
63.770	3.767
63.875	3.765
63.979	3.752
64.085	3.735
64.189	3.727
64.295	3.731
64.400	3.731
64.505	3.715
64.610	3.702
64.714	3.692
64.819	3.695
64.925	3.696
65.030	3.683
65.134	3.669
65.240	3.658
65.346	3.659
65.452	3.657
65.558	3.646
65.662	3.628
65.768	3.622
65.872	3.625
65.977	3.624
66.083	3.613
66.187	3.596
66.294	3.588
66.400	3.591
66.505	3.588
66.609	3.575
66.713	3.559
66.818	3.548
66.923	3.552
67.028	3.554
67.135	3.543
67.240	3.522
67.345	3.514
67.450	3.516
67.555	3.517
67.660	3.508
67.764	3.491
67.870	3.479
67.975	3.480
68.080	3.483
68.184	3.471
68.290	3.456
68.395	3.441
68.500	3.444
68.605	3.443
68.710	3.439
68.815	3.420
68.920	3.402
69.024	3.408
69.130	3.411
69.236	3.401
69.341	3.387
69.445	3.374
69.550	3.370
69.655	3.372
69.760	3.367
69.864	3.353
69.970	3.339
70.075	3.339
70.181	3.341
70.287	3.334
70.391	3.320
70.495	3.304
70.600	3.301
70.706	3.307
70.812	3.301
70.917	3.287
71.022	3.270
71.127	3.269
71.233	3.269
71.339	3.266
71.442	3.253
71.547	3.238
71.652	3.228
71.758	3.234
71.864	3.231
71.969	3.220
72.072	3.205
72.177	3.197
72.282	3.192
72.387	3.198
72.491	3.192
72.596	3.171
72.701	3.163
72.805	3.162
72.910	3.162
73.016	3.155
73.121	3.140
73.226	3.127
73.332	3.126
73.437	3.128
73.543	3.122
73.647	3.109
73.753	3.095
73.858	3.092
73.962	3.094
74.067	3.088
74.172	3.076
74.277	3.059
74.381	3.057
74.487	3.056
74.591	3.053
74.697	3.039
74.803	3.032
74.908	3.023
75.012	3.019
75.118	3.022
75.223	3.008
75.328	2.995
75.433	2.987
75.537	2.984
75.642	2.990
75.748	2.983
75.853	2.970
75.958	2.957
76.062	2.954
76.167	2.951
76.271	2.947
76.377	2.933
76.481	2.922
76.587	2.918
76.692	2.916
76.797	2.912
76.903	2.903
77.007	2.890
77.112	2.879
77.217	2.882
77.323	2.882
77.427	2.874
77.533	2.858
77.637	2.851
77.742	2.848
77.846	2.848
77.952	2.839
78.057	2.829
78.162	2.815
78.268	2.812
78.372	2.812
78.478	2.809
78.583	2.800
78.687	2.783
78.792	2.778
78.897	2.777
79.002	2.774
79.107	2.763
79.212	2.752
79.318	2.746
79.422	2.740
79.527	2.740
79.632	2.732
79.738	2.720
79.843	2.712
79.947	2.706
80.052	2.705
80.157	2.705
80.262	2.692
80.368	2.677
80.473	2.674
80.577	2.674
80.683	2.671
80.788	2.661
80.893	2.653
80.998	2.644
81.103	2.639
81.207	2.635
81.311	2.628
81.418	2.620
81.523	2.612
81.627	2.604
81.732	2.604
81.838	2.600
81.943	2.592
82.048	2.580
82.153	2.574
82.257	2.571
82.361	2.567
82.466	2.562
82.570	2.549
82.674	2.543
82.780	2.535
82.885	2.534
82.990	2.527
83.094	2.522
83.198	2.511
83.303	2.501
83.407	2.500
83.512	2.500
83.617	2.489
83.722	2.479
83.827	2.474
83.932	2.469
84.037	2.465
84.142	2.458
84.246	2.452
84.350	2.440
84.456	2.433
84.561	2.432
84.666	2.427
84.771	2.419
84.875	2.412
84.980	2.403
85.086	2.396
85.191	2.394
85.297	2.390
85.402	2.386
85.507	2.378
85.613	2.367
85.718	2.359
85.823	2.356
85.930	2.354
86.034	2.343
86.140	2.337
86.246	2.328
86.351	2.324
86.456	2.323
86.560	2.312
86.665	2.306
86.770	2.298
86.875	2.293
86.980	2.287
87.084	2.284
87.190	2.273
87.296	2.270
87.400	2.262
87.505	2.255
87.610	2.255
87.715	2.247
87.820	2.240
87.923	2.232
88.028	2.230
88.133	2.226
88.238	2.223
88.342	2.219
88.447	2.214
88.552	2.210
88.657	2.207
88.763	2.204
88.867	2.202
88.972	2.196
89.076	2.192
89.181	2.188
89.287	2.185
89.392	2.182
89.497	2.180
89.603	2.178
89.707	2.171
89.812	2.167
89.918	2.167
90.022	2.165
90.127	2.159
90.232	2.156
90.337	2.151
90.442	2.150
90.547	2.144
90.654	2.142
90.758	2.140
90.862	2.138
90.966	2.130
91.071	2.129
91.176	2.129
91.282	2.124
91.387	2.122
91.492	2.121
91.597	2.114
91.703	2.113
91.808	2.108
91.912	2.106
92.017	2.102
92.121	2.096
92.226	2.094
92.332	2.091
92.437	2.086
92.542	2.084
92.648	2.081
92.753	2.078
92.858	2.074
92.962	2.071
93.067	2.069
93.173	2.068
93.277	2.064
93.383	2.059
93.490	2.053
93.595	2.052
93.700	2.051
93.805	2.047
93.910	2.043
94.014	2.039
94.120	2.038
94.224	2.035
94.330	2.032
94.436	2.027
94.542	2.022
94.647	2.023
94.752	2.017
94.857	2.018
94.962	2.014
95.067	2.011
95.172	2.008
95.277	2.002
95.382	2.001
95.487	2.001
95.591	1.995
95.695	1.991
95.800	1.989
95.905	1.987
96.010	1.985
96.115	1.981
96.220	1.978
96.325	1.976
96.430	1.969
96.535	1.966
96.640	1.967
96.744	1.961
96.849	1.959
96.953	1.958
97.059	1.955
97.164	1.950
97.268	1.950
97.373	1.950
97.480	1.945
97.585	1.940
97.690	1.936
97.795	1.932
97.900	1.929
98.005	1.922
98.109	1.924
98.214	1.923
98.318	1.919
98.422	1.915
98.527	1.915
98.632	1.912
98.737	1.907
98.843	1.902
98.948	1.901
99.054	1.897
99.157	1.894
99.261	1.892
99.368	1.889
99.472	1.887
99.577	1.883
99.683	1.877
99.787	1.879
99.892	1.875
99.997	1.872
100.101	1.868
100.206	1.867
100.311	1.862
100.417	1.862
100.523	1.857
100.628	1.857
100.732	1.852
100.837	1.848
100.943	1.847
101.047	1.842
101.153	1.841
101.257	1.839
101.362	1.837
101.467	1.833
101.572	1.832
101.678	1.827
101.783	1.821
101.887	1.822
101.991	1.820
102.097	1.815
102.202	1.812
102.308	1.808
102.413	1.807
102.517	1.808
102.622	1.805
102.727	1.801
102.833	1.795
102.937	1.795
103.042	1.793
103.147	1.790
103.252	1.786
103.357	1.783
103.463	1.780
103.567	1.775
103.673	1.776
103.777	1.772
103.883	1.770
103.987	1.768
104.092	1.763
104.197	1.760
104.303	1.758
104.407	1.756
104.512	1.750
104.617	1.750
104.723	1.746
104.827	1.744
104.932	1.744
105.037	1.740
105.143	1.736
105.249	1.733
105.355	1.732
105.460	1.726
105.564	1.725
105.670	1.724
105.776	1.719
105.882	1.715
105.986	1.717
106.090	1.711
106.195	1.711
106.300	1.705
106.406	1.707
106.512	1.702
106.616	1.697
106.722	1.697
106.827	1.696
106.933	1.695
107.037	1.689
107.143	1.689
107.248	1.683
107.352	1.683
107.458	1.676
107.562	1.678
107.667	1.675
107.773	1.670
107.877	1.669
107.983	1.662
108.090	1.665
108.194	1.661
108.298	1.656
108.402	1.655
108.507	1.653
108.612	1.650
108.717	1.644
108.823	1.641
108.927	1.643
109.033	1.642
109.137	1.639
109.243	1.634
109.348	1.632
109.454	1.629
109.558	1.626
109.663	1.624
109.768	1.622
109.873	1.621
109.977	1.617
110.082	1.614
110.187	1.613
110.292	1.610
110.398	1.605
110.503	1.604
110.609	1.604
110.714	1.598
110.818	1.597
110.923	1.594
111.028	1.592
111.133	1.589
111.237	1.587
111.342	1.581
111.448	1.580
111.554	1.577
111.660	1.579
111.764	1.573
111.870	1.571
111.974	1.569
112.078	1.566
112.182	1.564
112.288	1.562
112.393	1.562
112.497	1.555
112.603	1.554
112.708	1.548
112.812	1.545
112.917	1.545
113.023	1.546
113.128	1.543
113.234	1.540
113.340	1.535
113.445	1.535
113.550	1.529
113.655	1.529
113.760	1.525
113.866	1.525
113.970	1.521
114.074	1.518
114.179	1.514
114.284	1.512
114.390	1.510
114.495	1.508
114.599	1.506
114.704	1.502
114.809	1.501
114.913	1.500
115.018	1.497
115.122	1.494
115.228	1.491
115.333	1.491
115.437	1.486
115.544	1.484
115.649	1.481
115.755	1.479
115.860	1.479
115.965	1.473
116.070	1.472
116.174	1.470
116.279	1.466
116.384	1.464
116.489	1.462
116.594	1.460
116.699	1.458
116.804	1.453
116.909	1.450
117.015	1.449
117.120	1.447
117.225	1.445
117.330	1.441
117.434	1.439
117.540	1.435
117.645	1.433
117.749	1.432
117.855	1.427
117.960	1.424
118.065	1.422
118.170	1.420
118.275	1.415
118.380	1.417
118.485	1.413
118.590	1.412
118.695	1.406
118.800	1.406
118.905	1.405
119.010	1.403
119.115	1.399
119.220	1.400
119.325	1.393
119.430	1.393
119.535	1.392
119.640	1.385
119.745	1.384
119.850	1.383
119.956	1.383
120.061	1.379
120.167	1.379
120.271	1.375
120.377	1.371
120.483	1.370
120.587	1.368
120.693	1.364
120.797	1.362
120.902	1.358
121.007	1.357
121.113	1.354
121.218	1.354
121.323	1.352
121.427	1.349
121.532	1.346
121.638	1.340
121.743	1.341
121.847	1.341
121.951	1.335
122.055	1.336
122.160	1.332
122.264	1.331
122.369	1.326
122.473	1.328
122.578	1.324
122.683	1.323
122.787	1.320
122.893	1.318
122.997	1.314
123.103	1.309
123.207	1.306
123.313	1.304
123.417	1.310
123.523	1.302
123.627	1.303
123.732	1.300
123.837	1.296
123.943	1.294
124.047	1.292
124.152	1.289
124.258	1.285
124.363	1.288
124.469	1.285
124.574	1.282
124.680	1.278
124.786	1.275
124.892	1.273
124.997	1.272
125.101	1.267
125.208	1.268
125.313	1.267
125.418	1.261
125.522	1.262
125.628	1.256
125.734	1.257
125.839	1.256
125.945	1.250
126.050	1.249
126.154	1.245
126.257	1.241
126.363	1.243
126.467	1.239
126.571	1.236
126.676	1.234
126.782	1.236
126.886	1.231
126.991	1.228
127.097	1.228
127.203	1.226
127.307	1.220
127.413	1.220
127.517	1.214
127.622	1.213
127.727	1.213
127.831	1.210
127.935	1.210
128.042	1.207
128.146	1.208
128.251	1.202
128.357	1.200
128.463	1.197
128.567	1.193
128.673	1.192
128.777	1.192
128.883	1.187
128.989	1.184
129.094	1.186
129.198	1.186
129.303	1.181
129.408	1.178
129.513	1.175
129.617	1.171
129.723	1.174
129.829	1.167
129.933	1.169
130.039	1.165
130.143	1.164
130.248	1.159
130.353	1.159
130.458	1.155
130.563	1.157
130.668	1.154
130.773	1.150
130.878	1.148
130.984	1.146
131.088	1.142
131.193	1.140
131.297	1.138
131.401	1.134
131.507	1.135
131.613	1.134
131.718	1.130
131.822	1.128
131.928	1.129
132.034	1.126
132.139	1.122
132.243	1.121
132.349	1.119
132.454	1.114
132.560	1.118
132.665	1.110
132.770	1.107
132.876	1.108
132.981	1.105
133.085	1.100
133.190	1.100
133.294	1.097
133.399	1.096
133.504	1.094
133.610	1.090
133.714	1.092
133.820	1.086
133.925	1.085
134.031	1.083
134.136	1.083
134.241	1.078
134.347	1.078
134.451	1.076
134.556	1.075
134.661	1.072
134.765	1.066
134.870	1.069
134.976	1.066
135.080	1.063
135.185	1.057
135.290	1.057
135.395	1.056
135.499	1.054
135.605	1.052
135.710	1.050
135.815	1.049
135.920	1.047
136.025	1.045
136.129	1.040
136.234	1.038
136.340	1.032
136.444	1.035
136.549	1.031
136.654	1.027
136.758	1.030
136.863	1.024
136.968	1.023
137.073	1.022
137.177	1.021
137.282	1.014
137.386	1.016
137.490	1.014
137.595	1.011
137.700	1.009
137.805	1.007
137.911	1.004
138.016	1.003
138.122	1.000
138.228	0.997
138.333	0.996
138.437	0.995
138.542	0.990
138.648	0.988
138.753	0.987
138.857	0.987
138.962	0.984
139.067	0.983
139.172	0.978
139.276	0.978
139.380	0.974
139.485	0.970
139.590	0.972
139.696	0.968
139.800	0.965
139.905	0.963
140.010	0.961
140.115	0.960
140.220	0.956
140.324	0.954
140.429	0.950
140.533	0.953
140.638	0.951
140.743	0.948
140.847	0.945
140.952	0.941
141.057	0.942
141.161	0.939
141.267	0.937
141.373	0.934
141.477	0.935
141.583	0.931
141.687	0.929
141.793	0.929
141.898	0.925
142.003	0.926
142.107	0.921
142.212	0.919
142.316	0.919
142.422	0.915
142.528	0.914
142.633	0.911
142.738	0.910
142.843	0.907
142.947	0.906
143.052	0.902
143.156	0.900
143.262	0.897
143.367	0.895
143.471	0.894
143.577	0.894
143.682	0.890
143.787	0.889
143.893	0.887
143.997	0.883
144.102	0.886
144.207	0.881
144.311	0.877
144.416	0.875
144.520	0.873
144.625	0.875
144.731	0.870
144.836	0.871
144.942	0.868
145.047	0.867
145.153	0.864
145.259	0.861
145.363	0.858
145.467	0.858
145.573	0.859
145.678	0.855
145.783	0.851
145.888	0.848
145.993	0.848
146.097	0.844
146.202	0.844
146.308	0.842
146.412	0.841
146.517	0.838
146.623	0.836
146.727	0.832
146.832	0.833
146.938	0.828
147.043	0.827
147.147	0.830
147.253	0.826
147.358	0.826
147.463	0.819
147.568	0.821
147.672	0.817
147.777	0.817
147.881	0.814
147.987	0.812
148.092	0.812
148.197	0.812
148.303	0.810
148.408	0.807
148.513	0.804
148.618	0.801
148.723	0.797
148.827	0.800
148.932	0.793
149.038	0.797
149.143	0.794
149.248	0.793
149.353	0.789
149.459	0.787
149.565	0.788
149.670	0.784
149.776	0.780
149.880	0.782
149.985	0.779
150.090	0.776
150.195	0.772
150.300	0.774
150.406	0.771
150.512	0.768
150.616	0.766
150.720	0.767
150.825	0.763
150.930	0.765
151.035	0.762
151.140	0.758
151.245	0.757
151.350	0.755
151.455	0.756
151.560	0.752
151.664	0.749
151.768	0.751
151.874	0.745
151.981	0.746
152.085	0.743
152.191	0.740
152.297	0.740
152.400	0.737
152.506	0.735
152.610	0.735
152.715	0.732
152.820	0.731
152.924	0.725
153.028	0.725
153.134	0.720
153.239	0.721
153.343	0.722
153.447	0.721
153.553	0.718
153.660	0.715
153.764	0.714
153.870	0.712
153.976	0.712
154.082	0.710
154.187	0.707
154.292	0.708
154.399	0.706
154.504	0.701
154.608	0.703
154.714	0.701
154.819	0.697
154.923	0.695
155.028	0.696
155.133	0.692
155.238	0.689
155.342	0.690
155.447	0.685
155.552	0.689
155.658	0.686
155.764	0.680
155.868	0.678
155.972	0.679
156.077	0.678
156.184	0.679
156.289	0.676
156.393	0.673
156.497	0.672
156.601	0.667
156.707	0.669
156.811	0.665
156.915	0.664
157.021	0.662
157.126	0.663
157.232	0.660
157.337	0.656
157.443	0.656
157.548	0.653
157.653	0.653
157.758	0.649
157.862	0.647
157.967	0.648
158.074	0.649
158.179	0.645
158.284	0.643
158.388	0.643
158.493	0.644
158.599	0.635
158.704	0.637
158.810	0.632
158.915	0.633
159.020	0.631
159.125	0.630
159.229	0.628
159.333	0.624
159.437	0.624
159.541	0.623
159.645	0.621
159.750	0.620
159.854	0.618
159.958	0.614
160.064	0.614
160.169	0.611
160.275	0.612
160.381	0.609
160.486	0.604
160.591	0.605
160.696	0.603
160.802	0.605
160.907	0.602
161.012	0.596
161.118	0.596
161.222	0.600
161.328	0.594
161.432	0.595
161.538	0.590
161.642	0.590
161.747	0.585
161.854	0.588
161.960	0.583
162.065	0.587
162.170	0.582
162.276	0.582
162.379	0.579
162.484	0.576
162.589	0.574
162.694	0.575
162.799	0.572
162.904	0.572
163.008	0.569
163.114	0.569
163.219	0.567
163.324	0.566
163.429	0.561
163.534	0.559
163.637	0.560
163.743	0.557
163.848	0.557
163.953	0.555
164.057	0.555
164.163	0.550
164.269	0.549
164.375	0.548
164.479	0.545
164.583	0.544
164.687	0.545
164.793	0.540
164.899	0.542
165.003	0.538
165.108	0.536
165.214	0.534
165.318	0.533
165.424	0.535
165.527	0.531
165.633	0.531
165.739	0.528
165.844	0.525
165.948	0.520
166.053	0.520
166.157	0.522
166.262	0.520
166.367	0.523
166.471	0.518
166.576	0.517
166.683	0.512
166.788	0.509
166.893	0.510
166.998	0.507
167.103	0.507
167.207	0.507
167.311	0.505
167.416	0.504
167.521	0.503
167.627	0.501
167.733	0.498
167.838	0.496
167.943	0.495
168.048	0.495
168.152	0.494
168.257	0.492
168.362	0.491
168.466	0.492
168.573	0.490
168.678	0.484
168.783	0.484
168.888	0.485
168.992	0.484
169.097	0.478
169.202	0.479
169.307	0.479
169.412	0.476
169.517	0.474
169.623	0.470
169.727	0.473
169.833	0.467
169.937	0.467
170.043	0.464
170.148	0.465
170.253	0.462
170.357	0.462
170.462	0.461
170.568	0.458
170.673	0.457
170.778	0.452
170.883	0.452
170.988	0.452
171.093	0.450
171.198	0.449
171.303	0.446
171.407	0.448
171.512	0.444
171.617	0.444
171.723	0.441
171.828	0.441
171.933	0.438
172.037	0.435
172.142	0.438
172.247	0.435
172.352	0.435
172.457	0.433
172.562	0.431
172.667	0.429
172.772	0.427
172.876	0.428
172.982	0.425
173.087	0.424
173.191	0.422
173.296	0.423
173.400	0.423
173.505	0.419
173.610	0.418
173.714	0.413
173.819	0.417
173.924	0.412
174.028	0.412
174.134	0.408
174.238	0.412
174.343	0.407
174.447	0.408
174.551	0.403
174.657	0.404
174.762	0.406
174.868	0.397
174.974	0.400
175.079	0.397
175.186	0.395
175.290	0.395
175.395	0.393
175.501	0.392
175.606	0.391
175.710	0.391
175.815	0.388
175.921	0.387
176.026	0.388
176.131	0.382
176.236	0.385
176.341	0.382
176.445	0.383
176.550	0.377
176.655	0.376
176.761	0.377
176.866	0.373
176.971	0.373
177.076	0.371
177.180	0.371
177.286	0.368
177.392	0.367
177.496	0.367
177.602	0.365
177.706	0.362
177.810	0.366
177.916	0.361
178.020	0.362
178.125	0.359
178.230	0.358
178.335	0.354
178.440	0.356
178.546	0.353
178.652	0.357
178.756	0.355
178.861	0.352
178.966	0.351
179.071	0.347
179.177	0.351
179.282	0.344
179.387	0.344
179.491	0.343
179.597	0.342
179.702	0.343
179.807	0.339
179.912	0.337
180.017	0.337
180.122	0.333
180.227	0.333
180.333	0.335
180.438	0.331
180.543	0.332
180.647	0.329
180.753	0.324
180.858	0.326
180.963	0.323
181.069	0.320
181.174	0.319
181.280	0.320
181.384	0.322
181.488	0.319
181.593	0.319
181.698	0.318
181.803	0.316
181.909	0.314
182.013	0.312
182.118	0.311
182.222	0.308
182.327	0.306
182.433	0.303
182.537	0.305
182.642	0.305
182.747	0.304
182.854	0.302
182.958	0.301
183.063	0.299
183.167	0.299
183.273	0.299
183.378	0.297
183.483	0.295
183.587	0.296
183.693	0.296
183.797	0.289
183.902	0.290
184.007	0.288
184.113	0.286
184.217	0.288
184.321	0.287
184.425	0.283
184.531	0.286
184.636	0.285
184.739	0.283
184.844	0.279
184.948	0.281
185.054	0.275
185.159	0.278
185.263	0.278
185.368	0.277
185.474	0.274
185.580	0.271
185.684	0.270
185.790	0.270
185.895	0.268
186.000	0.265
186.106	0.267
186.211	0.266
186.315	0.263
186.419	0.262
186.524	0.260
186.630	0.257
186.735	0.256
186.840	0.257
186.945	0.256
187.049	0.255
187.154	0.251
187.259	0.251
187.364	0.249
187.470	0.247
187.574	0.246
187.679	0.244
187.783	0.243
187.888	0.238
187.993	0.242
188.097	0.240
188.203	0.237
188.307	0.238
188.412	0.234
188.516	0.230
188.621	0.228
188.725	0.226
188.831	0.226
188.936	0.227
189.042	0.223
189.146	0.223
189.250	0.222
189.355	0.218
189.460	0.216
189.565	0.218
189.670	0.213
189.775	0.216
189.880	0.215
189.985	0.209
190.090	0.209
190.195	0.204
190.300	0.207
190.404	0.205
190.510	0.207
190.616	0.201
190.720	0.199
190.825	0.202
190.930	0.199
191.034	0.196
191.140	0.196
191.245	0.193
191.350	0.194
191.454	0.193
191.559	0.191
191.666	0.192
191.772	0.189
191.877	0.189
191.982	0.188
192.087	0.188
192.193	0.184
192.297	0.187
192.402	0.183
192.507	0.182
192.613	0.183
192.718	0.184
192.823	0.179
192.928	0.181
193.033	0.180
193.138	0.179
193.243	0.177
193.348	0.176
193.453	0.178
193.558	0.174
193.664	0.176
193.770	0.178
193.874	0.174
193.979	0.171
194.085	0.174
194.189	0.171
194.295	0.170
194.399	0.170
194.503	0.173
194.607	0.169
194.713	0.170
194.817	0.171
194.922	0.167
195.026	0.169
195.132	0.171
195.238	0.168
195.343	0.169
195.448	0.170
195.554	0.168
195.658	0.168
195.764	0.169
195.870	0.166
195.976	0.168
196.082	0.169
196.187	0.168
196.291	0.167
196.396	0.168
196.500	0.166
196.604	0.164
