14.787	3.910
14.895	3.912
15.000	3.921
15.104	3.925
15.209	3.920
15.315	3.912
15.419	3.915
15.524	3.923
15.629	3.919
15.735	3.905
15.839	3.904
15.944	3.903
16.048	3.906
16.152	3.906
16.258	3.900
16.365	3.895
16.469	3.890
16.573	3.896
16.677	3.898
16.782	3.892
16.888	3.879
16.992	3.883
17.096	3.888
17.200	3.890
17.304	3.881
17.410	3.874
17.514	3.874
17.619	3.881
17.725	3.879
17.831	3.874
17.935	3.871
18.039	3.869
18.145	3.869
18.250	3.869
18.355	3.867
18.461	3.860
18.565	3.858
18.669	3.862
18.773	3.863
18.879	3.852
18.983	3.847
19.088	3.853
19.193	3.855
19.297	3.849
19.402	3.846
19.507	3.845
19.611	3.843
19.716	3.842
19.820	3.846
19.926	3.842
20.030	3.830
20.135	3.830
20.240	3.830
20.345	3.833
20.450	3.829
20.555	3.825
20.660	3.824
20.766	3.825
20.871	3.823
20.977	3.820
21.082	3.815
21.187	3.811
21.292	3.810
21.396	3.814
21.501	3.811
21.607	3.802
21.711	3.804
21.818	3.802
21.922	3.803
22.027	3.799
22.132	3.796
22.236	3.792
22.340	3.793
22.445	3.797
22.549	3.794
22.654	3.787
22.760	3.786
22.864	3.785
22.968	3.784
23.072	3.786
23.176	3.782
23.282	3.772
23.387	3.782
23.492	3.783
23.597	3.776
23.702	3.770
23.808	3.764
23.912	3.770
24.017	3.773
24.122	3.767
24.226	3.765
24.332	3.761
24.436	3.758
24.541	3.764
24.647	3.761
24.753	3.753
24.856	3.752
24.960	3.753
25.064	3.757
25.169	3.752
25.275	3.743
25.380	3.739
25.484	3.744
25.590	3.745
25.695	3.739
25.800	3.737
25.905	3.734
26.011	3.735
26.115	3.734
26.219	3.734
26.323	3.728
26.427	3.724
26.532	3.723
26.637	3.728
26.742	3.729
26.846	3.717
26.951	3.711
27.056	3.712
27.160	3.715
27.265	3.715
27.369	3.708
27.474	3.707
27.579	3.706
27.685	3.708
27.789	3.704
27.894	3.700
27.999	3.697
28.103	3.695
28.208	3.699
28.312	3.697
28.417	3.695
28.522	3.686
28.627	3.684
28.732	3.692
28.836	3.689
28.942	3.682
29.047	3.678
29.152	3.680
29.258	3.682
29.362	3.680
29.467	3.676
29.572	3.671
29.678	3.670
29.784	3.670
29.888	3.672
29.994	3.665
30.100	3.659
30.205	3.658
30.309	3.662
30.414	3.665
30.521	3.656
30.626	3.652
30.732	3.653
30.837	3.655
30.941	3.653
31.045	3.645
31.151	3.644
31.258	3.643
31.363	3.644
31.469	3.645
31.573	3.639
31.679	3.635
31.783	3.632
31.889	3.636
31.995	3.636
32.099	3.631
32.204	3.624
32.309	3.624
32.414	3.627
32.519	3.625
32.624	3.618
32.729	3.617
32.835	3.616
32.940	3.618
33.045	3.616
33.150	3.615
33.256	3.611
33.362	3.609
33.467	3.608
33.572	3.606
33.676	3.603
33.782	3.600
33.887	3.598
33.993	3.600
34.098	3.596
34.202	3.597
34.306	3.593
34.412	3.589
34.517	3.589
34.622	3.590
34.727	3.587
34.832	3.584
34.938	3.582
35.044	3.580
35.148	3.580
35.253	3.580
35.358	3.573
35.464	3.572
35.568	3.574
35.674	3.575
35.778	3.568
35.882	3.567
35.986	3.565
36.092	3.566
36.198	3.565
36.303	3.560
36.409	3.557
36.514	3.557
36.619	3.556
36.723	3.557
36.828	3.550
36.933	3.549
37.039	3.547
37.144	3.546
37.249	3.548
37.355	3.545
37.459	3.537
37.565	3.539
37.669	3.535
37.775	3.535
37.880	3.534
37.985	3.530
38.090	3.526
38.194	3.533
38.299	3.530
38.405	3.523
38.509	3.522
38.614	3.523
38.719	3.520
38.825	3.519
38.929	3.520
39.034	3.518
39.138	3.513
39.243	3.513
39.348	3.511
39.452	3.511
39.558	3.506
39.662	3.508
39.767	3.501
39.872	3.502
39.976	3.502
40.082	3.499
40.188	3.498
40.295	3.494
40.399	3.494
40.505	3.490
40.611	3.491
40.716	3.488
40.821	3.483
40.927	3.486
41.031	3.483
41.136	3.478
41.240	3.478
41.346	3.476
41.450	3.475
41.555	3.472
41.661	3.473
41.767	3.470
41.872	3.470
41.977	3.468
42.082	3.465
42.187	3.462
42.293	3.460
42.398	3.457
42.503	3.455
42.608	3.456
42.712	3.457
42.817	3.450
42.921	3.448
43.026	3.448
43.130	3.446
43.234	3.446
43.339	3.441
43.444	3.437
43.548	3.441
43.654	3.437
43.758	3.435
43.863	3.435
43.968	3.434
44.074	3.431
44.178	3.429
44.283	3.427
44.389	3.429
44.494	3.419
44.598	3.421
44.702	3.420
44.807	3.419
44.912	3.418
45.017	3.416
45.122	3.411
45.227	3.411
45.333	3.410
45.439	3.409
45.545	3.406
45.649	3.401
45.755	3.401
45.860	3.403
45.964	3.400
46.070	3.397
46.175	3.396
46.281	3.393
46.385	3.395
46.490	3.391
46.596	3.388
46.700	3.387
46.805	3.386
46.910	3.383
47.015	3.383
47.120	3.381
47.225	3.375
47.330	3.378
47.435	3.373
47.540	3.372
47.646	3.369
47.750	3.368
47.854	3.367
47.961	3.369
48.067	3.366
48.172	3.363
48.276	3.356
48.382	3.358
48.486	3.358
48.591	3.358
48.697	3.354
48.802	3.350
48.908	3.350
49.014	3.348
49.118	3.351
49.222	3.347
49.327	3.345
49.431	3.339
49.536	3.337
49.640	3.338
49.745	3.335
49.849	3.331
49.955	3.331
50.059	3.330
50.165	3.329
50.269	3.326
50.374	3.327
50.479	3.321
50.584	3.321
50.688	3.321
50.794	3.319
50.899	3.318
51.005	3.314
51.110	3.313
51.215	3.312
51.320	3.310
51.425	3.307
51.530	3.305
51.635	3.305
51.739	3.308
51.846	3.305
51.952	3.299
52.057	3.300
52.162	3.295
52.268	3.297
52.374	3.293
52.479	3.293
52.585	3.292
52.690	3.288
52.794	3.289
52.899	3.286
53.006	3.282
53.110	3.279
53.215	3.280
53.320	3.279
53.425	3.278
53.530	3.275
53.636	3.271
53.740	3.273
53.845	3.272
53.950	3.269
54.055	3.265
54.160	3.264
54.266	3.263
54.370	3.260
54.476	3.260
54.579	3.260
54.684	3.256
54.788	3.253
54.893	3.253
54.999	3.252
55.103	3.250
55.209	3.246
55.314	3.245
55.417	3.245
55.522	3.243
55.628	3.245
55.732	3.241
55.837	3.237
55.942	3.234
56.047	3.238
56.152	3.234
56.257	3.232
56.362	3.230
56.466	3.227
56.572	3.224
56.677	3.225
56.782	3.226
56.888	3.220
56.992	3.221
57.096	3.219
57.202	3.218
57.307	3.212
57.412	3.214
57.516	3.213
57.622	3.211
57.726	3.211
57.830	3.205
57.935	3.204
58.040	3.204
58.145	3.199
58.249	3.200
58.355	3.198
58.460	3.193
58.565	3.194
58.670	3.194
58.775	3.190
58.879	3.191
58.985	3.188
59.090	3.186
59.195	3.184
59.300	3.178
59.405	3.181
59.509	3.181
59.615	3.178
59.719	3.175
59.825	3.176
59.930	3.175
60.035	3.173
60.140	3.169
60.246	3.165
60.352	3.165
60.458	3.165
60.564	3.163
60.669	3.162
60.775	3.158
60.879	3.155
60.983	3.156
61.088	3.156
61.191	3.152
61.296	3.149
61.402	3.149
61.506	3.150
61.611	3.143
61.716	3.144
61.821	3.142
61.926	3.140
62.032	3.139
62.137	3.133
62.242	3.132
62.346	3.132
62.452	3.131
62.557	3.128
62.661	3.128
62.765	3.127
62.869	3.125
62.974	3.123
63.080	3.122
63.185	3.123
63.290	3.113
63.395	3.115
63.500	3.115
63.606	3.110
63.710	3.111
63.815	3.109
63.919	3.106
64.025	3.107
64.129	3.105
64.234	3.099
64.339	3.100
64.445	3.096
64.550	3.096
64.655	3.092
64.759	3.093
64.865	3.091
64.970	3.088
65.075	3.085
65.181	3.087
65.286	3.087
65.392	3.084
65.498	3.083
65.605	3.083
65.709	3.082
65.815	3.079
65.919	3.078
66.025	3.076
66.131	3.073
66.237	3.072
66.342	3.069
66.446	3.067
66.552	3.068
66.657	3.063
66.762	3.060
66.867	3.061
66.971	3.057
67.077	3.058
67.181	3.056
67.287	3.053
67.392	3.055
67.497	3.049
67.603	3.052
67.708	3.047
67.813	3.048
67.917	3.047
68.021	3.043
68.125	3.042
68.229	3.037
68.334	3.034
68.440	3.034
68.545	3.034
68.651	3.030
68.756	3.028
68.860	3.028
68.965	3.028
69.070	3.028
69.174	3.026
69.278	3.023
69.384	3.022
69.489	3.021
69.595	3.016
69.699	3.015
69.805	3.015
69.910	3.012
70.015	3.006
70.120	3.009
70.225	3.008
70.329	3.006
70.435	3.006
70.541	3.005
70.646	3.003
70.752	2.999
70.858	2.997
70.962	2.997
71.066	2.995
71.171	2.992
71.276	2.988
71.381	2.989
71.487	2.986
71.592	2.988
71.698	2.987
71.802	2.985
71.908	2.980
72.013	2.977
72.117	2.979
72.222	2.976
72.326	2.978
72.431	2.974
72.537	2.971
72.642	2.974
72.747	2.969
72.852	2.966
72.957	2.966
73.062	2.965
73.166	2.963
73.271	2.958
73.376	2.956
73.480	2.957
73.584	2.955
73.690	2.955
73.795	2.952
73.899	2.951
74.004	2.945
74.108	2.948
74.214	2.947
74.320	2.947
74.425	2.941
74.529	2.946
74.634	2.939
74.740	2.938
74.845	2.936
74.950	2.936
75.055	2.933
75.159	2.931
75.264	2.931
75.368	2.928
75.474	2.927
75.579	2.922
75.685	2.925
75.791	2.921
75.895	2.918
76.000	2.918
76.104	2.917
76.210	2.916
76.315	2.913
76.420	2.911
76.525	2.908
76.630	2.909
76.735	2.909
76.840	2.903
76.945	2.902
77.050	2.902
77.155	2.896
77.261	2.896
77.366	2.894
77.471	2.896
77.577	2.895
77.682	2.892
77.787	2.889
77.892	2.890
77.997	2.886
78.101	2.883
78.206	2.883
78.312	2.882
78.418	2.883
78.523	2.877
78.628	2.875
78.733	2.875
78.839	2.873
78.944	2.871
79.049	2.866
79.155	2.870
79.260	2.869
79.365	2.863
79.470	2.865
79.575	2.863
79.680	2.863
79.785	2.860
79.890	2.861
79.996	2.852
80.101	2.851
80.206	2.849
80.311	2.849
80.415	2.847
80.520	2.848
80.625	2.845
80.730	2.847
80.836	2.841
80.942	2.844
81.047	2.838
81.152	2.838
81.257	2.834
81.362	2.832
81.468	2.831
81.574	2.830
81.678	2.829
81.785	2.828
81.890	2.823
81.995	2.824
82.100	2.826
82.204	2.822
82.307	2.821
82.412	2.821
82.516	2.816
82.622	2.813
82.726	2.808
82.832	2.810
82.937	2.812
83.042	2.808
83.147	2.808
83.252	2.800
83.356	2.802
83.462	2.801
83.567	2.799
83.672	2.798
83.778	2.796
83.883	2.794
83.987	2.791
84.093	2.793
84.198	2.791
84.302	2.789
84.407	2.783
84.513	2.788
84.617	2.781
84.722	2.781
84.826	2.779
84.932	2.775
85.036	2.779
85.141	2.778
85.247	2.772
85.352	2.777
85.457	2.770
85.562	2.769
85.667	2.772
85.772	2.767
85.876	2.766
85.982	2.758
86.087	2.761
86.192	2.759
86.297	2.756
86.402	2.755
86.507	2.755
86.612	2.754
86.718	2.750
86.822	2.753
86.926	2.748
87.032	2.747
87.136	2.749
87.240	2.744
87.345	2.743
87.450	2.743
87.556	2.737
87.662	2.737
87.767	2.736
87.873	2.734
87.977	2.732
88.082	2.731
88.188	2.733
88.292	2.729
88.397	2.727
88.502	2.729
88.607	2.724
88.711	2.726
88.816	2.721
88.922	2.721
89.027	2.714
89.133	2.715
89.239	2.713
89.343	2.710
89.448	2.708
89.552	2.707
89.656	2.704
89.762	2.706
89.868	2.708
89.973	2.706
90.078	2.700
90.182	2.699
90.287	2.698
90.391	2.697
90.496	2.692
90.600	2.691
90.706	2.692
90.810	2.687
90.916	2.689
91.021	2.688
91.127	2.685
91.232	2.685
91.338	2.681
91.442	2.679
91.548	2.680
91.654	2.677
91.759	2.673
91.864	2.676
91.970	2.672
92.075	2.671
92.180	2.669
92.284	2.668
92.390	2.665
92.495	2.663
92.600	2.661
92.706	2.662
92.811	2.659
92.916	2.659
93.021	2.657
93.125	2.654
93.231	2.652
93.335	2.653
93.441	2.652
93.546	2.649
93.651	2.647
93.756	2.645
93.860	2.648
93.964	2.647
94.069	2.642
94.174	2.638
94.280	2.638
94.386	2.635
94.489	2.638
94.595	2.627
94.700	2.627
94.805	2.630
94.911	2.624
95.015	2.626
95.119	2.623
95.224	2.624
95.329	2.617
95.435	2.618
95.539	2.619
95.645	2.618
95.750	2.615
95.855	2.612
95.961	2.611
96.065	2.610
96.169	2.605
96.275	2.604
96.380	2.604
96.485	2.602
96.590	2.603
96.695	2.601
96.800	2.600
96.905	2.600
97.011	2.596
97.116	2.595
97.222	2.591
97.327	2.593
97.432	2.588
97.537	2.587
97.640	2.585
97.745	2.586
97.849	2.583
97.954	2.582
98.060	2.580
98.163	2.577
98.267	2.573
98.372	2.576
98.477	2.573
98.582	2.571
98.686	2.572
98.791	2.567
98.896	2.570
99.001	2.569
99.106	2.562
99.212	2.564
99.316	2.562
99.422	2.562
99.526	2.558
99.633	2.560
99.738	2.559
99.842	2.556
99.948	2.549
100.053	2.549
100.159	2.546
100.263	2.547
100.368	2.546
100.474	2.546
100.580	2.544
100.686	2.540
100.790	2.539
100.895	2.534
101.000	2.534
101.105	2.534
101.210	2.535
101.315	2.531
101.420	2.528
101.525	2.526
101.629	2.526
101.735	2.527
101.839	2.521
101.944	2.521
102.050	2.520
102.154	2.520
102.260	2.516
102.365	2.517
102.470	2.513
102.576	2.514
102.681	2.510
102.786	2.508
102.890	2.506
102.996	2.508
103.101	2.506
103.205	2.499
103.312	2.501
103.417	2.500
103.522	2.501
103.626	2.494
103.730	2.493
103.835	2.495
103.940	2.491
104.045	2.489
104.150	2.492
104.254	2.489
104.359	2.486
104.465	2.485
104.570	2.483
104.674	2.481
104.778	2.477
104.882	2.479
104.987	2.477
105.092	2.473
105.197	2.477
105.302	2.470
105.406	2.475
105.512	2.470
105.616	2.468
105.721	2.464
105.827	2.463
105.934	2.462
106.038	2.461
106.142	2.458
106.248	2.460
106.352	2.455
106.456	2.454
106.562	2.448
106.668	2.453
106.774	2.450
106.880	2.450
106.985	2.446
107.090	2.447
107.195	2.441
107.300	2.442
107.405	2.442
107.510	2.438
107.614	2.438
107.718	2.436
107.825	2.436
107.929	2.432
108.033	2.432
108.138	2.430
108.242	2.428
108.346	2.426
108.452	2.423
108.558	2.422
108.662	2.423
108.768	2.419
108.873	2.416
108.979	2.419
109.084	2.416
109.189	2.415
109.293	2.411
109.397	2.408
109.504	2.409
109.608	2.407
109.713	2.404
109.818	2.406
109.924	2.403
110.030	2.403
110.135	2.401
110.240	2.396
110.344	2.396
110.451	2.396
110.555	2.394
110.660	2.391
110.764	2.392
110.869	2.389
110.976	2.389
111.080	2.385
111.185	2.386
111.290	2.384
111.394	2.380
111.498	2.379
111.604	2.378
111.710	2.376
111.814	2.376
111.919	2.373
112.026	2.375
112.130	2.371
112.234	2.369
112.340	2.371
112.445	2.367
112.550	2.364
112.655	2.361
112.760	2.361
112.865	2.363
112.971	2.357
113.075	2.359
113.180	2.354
113.285	2.355
113.389	2.351
113.495	2.349
113.600	2.351
113.704	2.348
113.809	2.345
113.915	2.346
114.020	2.344
114.124	2.343
114.228	2.339
114.332	2.338
114.438	2.336
114.542	2.333
114.645	2.331
114.749	2.330
114.856	2.329
114.960	2.328
115.065	2.325
115.171	2.326
115.276	2.323
115.383	2.322
115.488	2.320
115.592	2.319
115.698	2.318
115.802	2.317
115.907	2.315
116.013	2.313
116.117	2.312
116.222	2.310
116.328	2.310
116.432	2.306
116.538	2.309
116.643	2.306
116.748	2.304
116.853	2.301
116.957	2.300
117.062	2.296
117.166	2.296
117.272	2.298
117.377	2.294
117.482	2.294
117.588	2.291
117.692	2.289
117.797	2.289
117.903	2.286
118.007	2.286
118.113	2.284
118.217	2.280
118.322	2.280
118.427	2.277
118.532	2.279
118.639	2.276
118.744	2.274
118.849	2.270
118.954	2.272
119.060	2.269
119.165	2.269
119.271	2.269
119.376	2.266
119.480	2.265
119.585	2.261
119.689	2.259
119.794	2.256
119.899	2.255
120.005	2.257
120.109	2.256
120.213	2.254
120.317	2.248
120.423	2.249
120.527	2.247
120.633	2.246
120.740	2.240
120.845	2.242
120.950	2.242
121.054	2.242
121.158	2.239
121.263	2.238
121.368	2.235
121.473	2.234
121.577	2.230
121.683	2.226
121.787	2.228
121.893	2.226
121.998	2.222
122.101	2.223
122.207	2.222
122.312	2.219
122.417	2.218
122.522	2.220
122.626	2.217
122.732	2.215
122.837	2.213
122.943	2.211
123.048	2.212
123.152	2.210
123.257	2.206
123.361	2.208
123.466	2.202
123.571	2.202
123.677	2.200
123.782	2.199
123.888	2.201
123.993	2.197
124.098	2.197
124.202	2.194
124.307	2.192
124.412	2.190
124.517	2.186
124.623	2.187
124.727	2.188
124.833	2.186
124.937	2.183
125.042	2.185
125.148	2.184
125.253	2.178
125.357	2.175
125.463	2.176
125.566	2.175
125.672	2.170
125.777	2.172
125.883	2.169
125.988	2.167
126.092	2.167
126.198	2.165
126.303	2.164
126.407	2.162
126.512	2.159
126.617	2.159
126.722	2.158
126.828	2.155
126.933	2.156
127.038	2.154
127.143	2.153
127.250	2.149
127.354	2.149
127.460	2.146
127.566	2.149
127.671	2.141
127.776	2.144
127.880	2.138
127.985	2.142
128.090	2.140
128.196	2.136
128.300	2.134
128.404	2.135
128.510	2.133
128.615	2.130
128.720	2.130
128.825	2.128
128.930	2.127
129.035	2.123
129.141	2.122
129.245	2.118
129.350	2.119
129.454	2.120
129.558	2.117
129.663	2.116
129.767	2.112
129.872	2.111
129.978	2.111
130.084	2.111
130.188	2.106
130.293	2.104
130.398	2.105
130.503	2.104
130.607	2.103
130.711	2.095
130.818	2.098
130.922	2.096
131.026	2.093
131.130	2.093
131.236	2.092
131.340	2.088
131.445	2.087
131.551	2.086
131.656	2.086
131.760	2.084
131.865	2.084
131.970	2.076
132.076	2.075
132.180	2.075
132.284	2.080
132.389	2.075
132.495	2.070
132.599	2.068
132.704	2.071
132.808	2.068
132.914	2.068
133.019	2.064
133.125	2.065
133.231	2.063
133.335	2.063
133.440	2.061
133.546	2.058
133.650	2.055
133.756	2.053
133.860	2.054
133.966	2.051
134.073	2.054
134.178	2.051
134.283	2.050
134.387	2.045
134.493	2.045
134.599	2.043
134.704	2.044
134.808	2.040
134.912	2.036
135.017	2.037
135.122	2.033
135.226	2.032
135.333	2.032
135.438	2.033
135.543	2.027
135.647	2.026
135.752	2.027
135.857	2.024
135.962	2.027
136.067	2.026
136.173	2.014
136.280	2.011
136.385	2.012
136.489	2.017
136.594	2.019
136.699	2.017
136.804	2.010
136.910	2.007
137.016	2.008
137.121	2.010
137.225	2.012
137.331	2.008
137.435	2.000
137.540	1.998
137.644	1.999
137.748	2.003
137.854	2.000
137.958	1.998
138.062	1.992
138.167	1.986
138.273	1.990
138.377	1.991
138.483	1.995
138.587	1.988
138.693	1.979
138.798	1.979
138.902	1.983
139.006	1.987
139.112	1.983
139.216	1.976
139.322	1.974
139.426	1.969
139.533	1.975
139.637	1.972
139.742	1.975
139.847	1.966
139.951	1.962
140.056	1.962
140.160	1.968
140.266	1.968
140.370	1.963
140.476	1.961
140.582	1.955
140.688	1.956
140.793	1.958
140.898	1.955
141.003	1.953
141.108	1.949
141.213	1.942
141.318	1.948
141.423	1.948
141.529	1.952
141.634	1.945
141.739	1.938
141.844	1.936
141.950	1.937
142.055	1.938
142.160	1.940
142.265	1.938
142.370	1.932
142.475	1.931
142.581	1.930
142.686	1.934
142.790	1.930
142.895	1.925
143.000	1.918
143.104	1.917
143.210	1.918
143.316	1.922
143.420	1.922
143.523	1.916
143.628	1.911
143.733	1.911
143.837	1.910
143.943	1.911
144.048	1.911
144.153	1.910
144.258	1.904
144.364	1.900
144.468	1.904
144.573	1.906
144.677	1.903
144.781	1.895
144.888	1.893
144.993	1.891
145.097	1.896
145.202	1.892
145.309	1.894
145.414	1.890
145.521	1.885
145.626	1.885
145.731	1.889
145.836	1.886
145.943	1.886
146.047	1.877
146.153	1.874
146.258	1.874
146.362	1.877
146.467	1.876
146.572	1.876
146.676	1.874
146.781	1.869
146.885	1.868
146.990	1.865
147.096	1.871
147.202	1.867
147.308	1.862
147.412	1.857
147.518	1.858
147.623	1.857
147.727	1.863
147.832	1.857
147.937	1.854
148.043	1.849
148.148	1.850
148.252	1.847
148.357	1.854
148.463	1.849
148.568	1.843
148.673	1.841
148.778	1.845
148.883	1.844
148.986	1.844
149.093	1.841
149.198	1.836
149.304	1.830
149.410	1.831
149.515	1.832
149.620	1.834
149.725	1.835
149.830	1.830
149.934	1.825
150.039	1.821
150.145	1.825
150.251	1.827
150.356	1.824
150.460	1.822
150.566	1.816
150.670	1.816
150.774	1.815
150.880	1.818
150.986	1.815
151.090	1.813
151.195	1.806
151.302	1.806
151.407	1.809
151.513	1.806
151.617	1.807
151.723	1.805
151.828	1.799
151.933	1.801
152.037	1.801
152.142	1.798
152.248	1.797
152.352	1.794
152.458	1.791
152.563	1.789
152.668	1.791
152.773	1.790
152.878	1.790
152.983	1.784
153.088	1.783
153.193	1.781
153.297	1.782
153.401	1.780
153.508	1.780
153.613	1.780
153.717	1.777
153.822	1.771
153.928	1.773
154.033	1.772
154.138	1.772
154.242	1.773
154.348	1.767
154.454	1.767
154.558	1.762
154.662	1.767
154.766	1.764
154.872	1.761
154.977	1.755
155.083	1.755
155.187	1.756
155.293	1.759
155.397	1.755
155.503	1.752
155.608	1.750
155.713	1.748
155.816	1.747
155.921	1.743
156.025	1.746
156.131	1.747
156.236	1.745
156.341	1.742
156.447	1.737
156.553	1.737
156.658	1.740
156.763	1.736
156.868	1.734
156.973	1.732
157.078	1.732
157.182	1.732
157.287	1.730
157.393	1.730
157.498	1.723
157.604	1.728
157.708	1.721
157.813	1.722
157.918	1.723
158.024	1.719
158.128	1.718
158.234	1.714
158.339	1.710
158.445	1.713
158.550	1.711
158.654	1.710
158.760	1.708
158.865	1.702
158.970	1.704
159.075	1.701
159.180	1.704
159.285	1.699
159.391	1.699
159.496	1.698
159.601	1.694
159.706	1.693
159.811	1.697
159.916	1.692
160.022	1.691
160.127	1.688
160.232	1.687
160.336	1.688
160.440	1.688
160.545	1.685
160.650	1.685
160.756	1.681
160.861	1.680
160.966	1.678
161.070	1.677
161.174	1.676
161.279	1.675
161.385	1.673
161.490	1.672
161.595	1.669
161.701	1.668
161.806	1.666
161.911	1.667
162.015	1.664
162.120	1.663
162.225	1.661
162.330	1.659
162.435	1.661
162.540	1.659
162.645	1.656
162.751	1.654
162.854	1.655
162.958	1.653
163.063	1.650
163.167	1.653
163.271	1.651
163.376	1.648
163.481	1.645
163.585	1.644
163.690	1.645
163.796	1.643
163.900	1.643
164.004	1.638
164.110	1.637
164.215	1.635
164.321	1.635
164.425	1.635
164.531	1.632
164.636	1.631
164.741	1.632
164.846	1.629
164.950	1.628
165.055	1.629
165.161	1.625
165.266	1.622
165.370	1.621
165.475	1.620
165.580	1.619
165.685	1.620
165.789	1.618
165.894	1.617
165.999	1.615
166.104	1.611
166.210	1.610
166.315	1.609
166.420	1.608
166.524	1.612
166.628	1.603
166.733	1.604
166.837	1.603
166.942	1.602
167.047	1.601
167.153	1.600
167.258	1.599
167.362	1.597
167.467	1.596
167.573	1.593
167.678	1.592
167.781	1.592
167.887	1.593
167.991	1.588
168.095	1.587
168.200	1.586
168.304	1.584
168.408	1.581
168.513	1.583
168.618	1.582
168.724	1.580
168.829	1.580
168.933	1.579
169.038	1.576
169.142	1.575
169.247	1.572
169.353	1.573
169.458	1.572
169.561	1.570
169.668	1.568
169.772	1.568
169.878	1.567
169.983	1.568
170.088	1.565
170.192	1.559
170.298	1.558
170.403	1.559
170.507	1.557
170.613	1.554
170.719	1.552
170.824	1.555
170.928	1.552
171.033	1.550
171.138	1.550
171.243	1.547
171.348	1.549
171.452	1.546
171.556	1.547
171.660	1.545
171.765	1.545
171.871	1.542
171.976	1.537
172.080	1.540
172.186	1.538
172.290	1.536
172.394	1.533
172.499	1.534
172.604	1.531
172.710	1.532
172.815	1.532
172.920	1.529
173.026	1.529
173.129	1.527
173.235	1.528
173.340	1.527
173.445	1.524
173.549	1.523
173.654	1.519
173.758	1.520
173.863	1.521
173.966	1.515
174.072	1.515
174.177	1.516
174.283	1.514
174.388	1.513
174.493	1.509
174.596	1.508
174.701	1.506
174.805	1.507
174.910	1.503
175.014	1.504
175.118	1.501
175.224	1.500
175.329	1.501
175.435	1.499
175.540	1.500
175.644	1.499
175.750	1.496
175.855	1.493
175.959	1.493
176.064	1.490
176.170	1.487
176.275	1.492
176.381	1.486
176.485	1.485
176.589	1.486
176.694	1.484
176.800	1.485
176.904	1.483
177.010	1.477
177.115	1.479
177.220	1.479
177.325	1.478
177.430	1.477
177.535	1.473
177.640	1.474
177.743	1.469
177.848	1.473
177.954	1.467
178.060	1.473
178.164	1.471
178.270	1.468
178.374	1.464
178.478	1.462
178.583	1.461
178.688	1.462
178.793	1.463
178.897	1.460
179.003	1.460
179.108	1.456
179.213	1.454
179.317	1.456
179.422	1.453
179.526	1.454
179.632	1.450
179.736	1.449
179.842	1.447
179.946	1.447
180.051	1.446
180.158	1.446
180.263	1.446
180.368	1.436
180.472	1.440
180.576	1.437
180.683	1.438
180.788	1.438
180.892	1.435
180.998	1.431
181.103	1.432
181.208	1.428
181.313	1.430
181.418	1.429
181.523	1.429
181.627	1.427
181.733	1.425
181.838	1.420
181.944	1.422
182.050	1.420
182.156	1.420
182.260	1.418
182.366	1.415
182.470	1.418
182.576	1.410
182.680	1.407
182.784	1.407
182.890	1.408
182.996	1.408
183.101	1.407
183.205	1.407
183.311	1.401
183.416	1.402
183.521	1.400
183.625	1.398
183.730	1.398
183.835	1.396
183.940	1.394
184.045	1.392
184.151	1.390
184.257	1.390
184.362	1.389
184.466	1.387
184.571	1.388
184.675	1.387
184.781	1.384
184.885	1.384
184.991	1.380
185.096	1.381
185.201	1.382
185.306	1.376
185.413	1.374
185.518	1.375
185.623	1.370
185.728	1.368
185.832	1.370
185.937	1.369
186.041	1.364
186.147	1.365
186.253	1.363
186.358	1.359
186.463	1.362
186.567	1.360
186.673	1.357
186.778	1.355
186.883	1.354
186.988	1.358
187.094	1.352
187.200	1.351
187.305	1.350
187.411	1.345
187.515	1.349
187.620	1.347
187.724	1.343
187.828	1.341
187.932	1.344
188.037	1.337
188.143	1.338
188.248	1.341
188.352	1.335
188.456	1.335
188.561	1.334
188.667	1.333
188.773	1.331
188.878	1.329
188.984	1.325
189.088	1.327
189.193	1.323
189.298	1.324
189.402	1.322
189.508	1.321
189.613	1.321
189.718	1.321
189.823	1.315
189.928	1.311
190.033	1.317
190.138	1.312
190.243	1.312
190.348	1.311
190.453	1.305
190.558	1.306
190.663	1.309
190.768	1.303
190.873	1.303
190.976	1.301
191.081	1.301
191.186	1.301
191.290	1.301
191.396	1.294
191.500	1.296
191.606	1.294
191.711	1.295
191.815	1.291
191.921	1.289
192.025	1.285
192.131	1.285
192.236	1.289
192.343	1.285
192.448	1.281
192.553	1.283
192.658	1.281
192.763	1.278
192.867	1.276
192.971	1.275
193.076	1.279
193.183	1.273
193.288	1.273
193.393	1.274
193.496	1.270
193.602	1.269
193.708	1.272
193.813	1.269
193.918	1.265
194.022	1.264
194.129	1.262
194.233	1.260
194.337	1.260
194.443	1.259
194.547	1.260
194.652	1.261
194.757	1.256
194.862	1.256
194.968	1.252
195.073	1.254
195.178	1.251
195.283	1.252
195.390	1.249
195.494	1.249
195.600	1.248
195.705	1.245
195.809	1.246
195.915	1.243
196.020	1.242
196.125	1.242
196.230	1.238
196.334	1.240
196.438	1.234
196.543	1.236
196.648	1.233
196.753	1.233
196.859	1.231
196.965	1.230
197.070	1.227
197.175	1.229
197.281	1.227
197.385	1.225
197.490	1.224
197.594	1.224
197.698	1.221
197.803	1.216
197.908	1.220
198.012	1.216
198.117	1.216
198.221	1.216
198.325	1.214
198.431	1.212
198.535	1.212
198.641	1.210
198.745	1.210
198.851	1.205
198.955	1.208
199.060	1.207
199.166	1.206
199.271	1.202
199.376	1.206
199.483	1.200
199.587	1.200
199.693	1.198
199.798	1.196
199.903	1.196
200.007	1.196
200.113	1.195
200.217	1.188
200.324	1.192
200.429	1.189
200.535	1.190
200.641	1.191
200.746	1.186
200.852	1.184
200.958	1.182
201.063	1.183
201.167	1.182
201.270	1.181
201.376	1.179
201.481	1.178
201.585	1.177
201.689	1.172
201.795	1.177
201.900	1.174
202.005	1.171
202.110	1.172
202.215	1.170
202.321	1.168
202.427	1.167
202.530	1.165
202.636	1.165
202.740	1.162
202.846	1.162
202.951	1.160
203.055	1.158
203.161	1.159
203.266	1.156
203.370	1.156
203.476	1.156
203.581	1.149
203.685	1.151
203.789	1.151
203.895	1.147
204.001	1.143
204.106	1.148
204.212	1.140
204.317	1.143
204.422	1.141
204.527	1.143
204.632	1.143
204.738	1.140
204.842	1.135
204.946	1.137
205.051	1.136
205.155	1.136
205.260	1.135
205.366	1.132
205.470	1.129
205.576	1.129
205.680	1.128
205.785	1.127
205.889	1.125
205.995	1.126
206.101	1.125
206.205	1.126
206.310	1.122
206.415	1.119
206.521	1.117
206.626	1.114
206.730	1.117
206.836	1.115
206.940	1.113
207.046	1.113
207.151	1.108
207.255	1.107
207.360	1.107
207.465	1.106
207.570	1.105
207.674	1.106
207.780	1.104
207.884	1.102
207.990	1.100
208.096	1.100
208.201	1.098
208.306	1.100
208.411	1.100
208.515	1.095
208.620	1.092
208.726	1.092
208.830	1.090
208.935	1.090
209.040	1.089
209.145	1.088
209.249	1.086
209.354	1.082
209.460	1.081
209.564	1.079
209.669	1.082
209.773	1.081
209.879	1.081
209.983	1.076
210.088	1.078
210.193	1.075
210.298	1.072
210.402	1.071
210.507	1.071
210.611	1.068
210.716	1.069
210.821	1.068
210.925	1.064
211.030	1.067
211.135	1.062
211.239	1.065
211.343	1.062
211.448	1.060
211.553	1.058
211.658	1.059
211.763	1.056
211.869	1.053
211.974	1.054
212.079	1.055
212.184	1.052
212.289	1.051
212.392	1.050
212.498	1.049
212.603	1.046
212.708	1.045
212.811	1.043
212.917	1.044
213.023	1.041
213.127	1.040
213.233	1.045
213.338	1.039
213.442	1.040
213.548	1.037
213.653	1.036
213.760	1.033
213.864	1.036
213.970	1.034
214.074	1.030
214.179	1.031
214.284	1.029
214.388	1.026
214.493	1.028
214.598	1.031
214.703	1.025
214.808	1.026
214.913	1.024
215.018	1.020
215.123	1.020
215.227	1.018
215.334	1.018
215.438	1.013
215.543	1.018
215.648	1.010
215.753	1.013
215.858	1.012
215.963	1.011
216.068	1.007
216.173	1.012
216.279	1.007
216.383	1.007
216.488	1.005
216.593	1.007
216.697	1.003
216.803	1.001
216.908	0.998
217.013	0.999
217.118	0.999
217.223	0.995
217.328	0.997
217.433	0.992
217.538	0.991
217.643	0.994
217.749	0.991
217.854	0.991
217.959	0.988
218.065	0.988
218.171	0.987
218.275	0.986
218.380	0.983
218.486	0.981
218.590	0.980
218.694	0.982
218.799	0.980
218.904	0.981
219.010	0.979
219.116	0.974
219.221	0.973
219.326	0.972
219.431	0.974
219.535	0.972
219.641	0.969
219.745	0.971
219.850	0.967
219.954	0.966
220.058	0.964
220.163	0.963
220.267	0.961
220.373	0.965
220.478	0.962
220.583	0.963
220.688	0.958
220.793	0.958
220.899	0.958
221.003	0.958
221.107	0.953
221.213	0.957
221.318	0.954
221.423	0.953
221.528	0.948
221.633	0.946
221.739	0.946
221.843	0.945
221.947	0.945
222.052	0.943
222.157	0.944
222.262	0.945
222.367	0.942
222.473	0.939
222.578	0.938
222.683	0.938
222.788	0.935
222.893	0.933
222.998	0.934
223.102	0.935
223.208	0.935
223.313	0.930
223.418	0.927
223.522	0.925
223.628	0.926
223.733	0.926
223.837	0.927
223.941	0.924
224.046	0.926
224.150	0.920
224.255	0.920
224.360	0.919
224.465	0.918
224.570	0.918
224.674	0.915
224.779	0.916
224.883	0.914
224.988	0.910
225.093	0.909
225.198	0.913
225.303	0.910
225.407	0.912
225.513	0.906
225.618	0.908
225.722	0.905
225.827	0.902
225.933	0.900
226.038	0.902
226.142	0.903
226.248	0.896
226.354	0.897
226.460	0.899
226.564	0.896
226.668	0.893
226.773	0.891
226.878	0.891
226.983	0.891
227.088	0.891
227.193	0.889
227.297	0.891
227.403	0.886
227.508	0.888
227.613	0.885
227.718	0.886
227.822	0.882
227.928	0.884
228.033	0.880
228.138	0.880
228.242	0.879
228.347	0.878
228.450	0.879
228.557	0.877
228.662	0.874
228.768	0.872
228.873	0.873
228.978	0.868
229.082	0.869
229.188	0.869
229.293	0.868
229.397	0.866
229.503	0.864
229.607	0.863
229.711	0.863
229.816	0.862
229.920	0.863
230.024	0.859
230.130	0.861
230.235	0.858
230.340	0.858
230.446	0.857
230.551	0.857
230.657	0.852
230.763	0.854
230.869	0.853
230.974	0.850
231.079	0.852
231.185	0.848
231.291	0.845
231.395	0.845
231.500	0.844
231.605	0.841
231.710	0.845
231.815	0.838
231.920	0.840
232.026	0.839
232.130	0.837
232.236	0.836
232.341	0.835
232.446	0.834
232.551	0.833
232.656	0.833
232.760	0.830
232.865	0.831
232.971	0.830
233.076	0.826
233.180	0.829
233.286	0.827
233.390	0.825
233.495	0.824
233.598	0.827
233.703	0.822
233.809	0.819
233.913	0.822
234.019	0.820
234.124	0.820
234.229	0.819
234.333	0.817
234.438	0.816
234.542	0.813
234.646	0.815
234.751	0.814
234.855	0.809
234.961	0.810
235.066	0.812
235.171	0.805
235.276	0.804
235.380	0.806
235.486	0.805
235.591	0.804
235.696	0.801
235.800	0.800
235.905	0.799
236.010	0.802
236.115	0.798
236.220	0.798
236.326	0.798
236.431	0.798
236.536	0.796
236.641	0.793
236.746	0.790
236.851	0.791
236.955	0.789
237.061	0.790
237.166	0.789
237.270	0.784
237.375	0.785
237.481	0.783
237.586	0.784
237.691	0.785
237.796	0.782
237.900	0.780
238.004	0.782
238.110	0.778
238.216	0.777
238.321	0.773
238.425	0.775
238.530	0.772
238.635	0.774
238.740	0.773
238.846	0.770
238.950	0.770
239.056	0.768
239.160	0.769
239.266	0.766
239.372	0.766
239.478	0.766
239.583	0.765
239.688	0.765
239.793	0.760
239.897	0.759
240.003	0.757
240.107	0.758
240.213	0.756
240.318	0.755
240.423	0.755
240.527	0.753
240.632	0.753
240.738	0.754
240.843	0.749
240.947	0.750
241.053	0.747
241.158	0.746
241.263	0.746
241.369	0.747
241.473	0.745
241.578	0.744
241.682	0.740
241.787	0.739
241.892	0.737
241.997	0.736
242.104	0.739
242.207	0.735
242.313	0.737
242.417	0.734
242.521	0.732
242.626	0.735
242.730	0.732
242.835	0.731
242.940	0.732
243.045	0.729
243.150	0.730
243.255	0.728
243.360	0.726
243.465	0.726
243.571	0.726
243.675	0.722
243.781	0.722
243.885	0.727
243.990	0.721
244.096	0.720
244.200	0.720
244.306	0.718
244.411	0.716
244.515	0.716
244.621	0.712
244.725	0.710
244.830	0.710
244.935	0.711
245.040	0.709
245.146	0.707
245.250	0.705
245.355	0.707
245.461	0.706
245.566	0.700
245.670	0.701
245.775	0.700
245.879	0.702
245.984	0.700
246.088	0.703
246.193	0.700
246.298	0.700
246.403	0.696
246.507	0.695
246.613	0.693
246.718	0.692
246.823	0.691
246.927	0.690
247.033	0.692
247.138	0.686
247.243	0.685
247.348	0.687
247.454	0.686
247.559	0.688
247.664	0.684
247.770	0.681
247.874	0.683
247.980	0.679
248.084	0.679
248.188	0.677
248.293	0.677
248.398	0.676
248.503	0.674
248.607	0.676
248.713	0.673
248.818	0.669
248.923	0.670
249.028	0.669
249.133	0.670
249.239	0.666
249.344	0.670
249.449	0.666
249.554	0.663
249.659	0.663
249.764	0.662
249.869	0.663
249.975	0.660
250.079	0.660
250.184	0.659
250.290	0.656
250.394	0.655
250.500	0.657
250.605	0.653
250.710	0.651
250.816	0.650
250.920	0.652
251.024	0.649
251.130	0.651
251.235	0.650
251.339	0.649
251.445	0.644
251.552	0.643
251.656	0.649
251.761	0.644
251.865	0.645
251.970	0.643
252.075	0.640
252.181	0.641
252.286	0.639
252.390	0.638
252.495	0.638
252.600	0.636
252.705	0.636
252.808	0.634
252.913	0.632
253.019	0.633
253.124	0.630
253.229	0.628
253.333	0.628
253.438	0.630
253.543	0.628
253.648	0.626
253.753	0.624
253.857	0.626
253.963	0.624
254.068	0.621
254.173	0.621
254.277	0.622
254.383	0.618
254.488	0.620
254.593	0.617
254.699	0.612
254.804	0.611
254.909	0.613
255.015	0.611
255.120	0.613
255.226	0.609
255.332	0.608
255.438	0.609
255.542	0.606
255.648	0.607
255.754	0.607
255.859	0.604
255.965	0.604
256.069	0.605
256.174	0.600
256.279	0.601
256.384	0.600
256.488	0.599
256.593	0.598
256.698	0.595
256.803	0.595
256.909	0.596
257.013	0.597
257.118	0.593
257.223	0.593
257.327	0.590
257.432	0.591
257.537	0.590
257.642	0.589
257.746	0.587
257.852	0.586
257.956	0.584
258.061	0.581
258.166	0.580
258.270	0.583
258.374	0.581
258.480	0.578
258.585	0.579
258.690	0.579
258.795	0.578
258.901	0.579
259.005	0.577
259.111	0.577
259.216	0.571
259.320	0.572
259.424	0.571
259.529	0.569
259.635	0.569
259.741	0.568
259.846	0.566
259.951	0.569
260.057	0.566
260.163	0.565
260.268	0.566
260.372	0.561
260.476	0.561
260.582	0.561
260.687	0.562
260.793	0.562
260.898	0.559
261.003	0.557
261.106	0.557
261.211	0.555
261.316	0.555
261.420	0.555
261.526	0.551
261.630	0.550
261.734	0.552
261.841	0.552
261.945	0.550
262.051	0.549
262.156	0.544
262.261	0.545
262.366	0.544
262.470	0.544
262.576	0.545
262.681	0.540
262.785	0.542
262.891	0.541
262.996	0.540
263.101	0.540
263.205	0.536
263.311	0.537
263.416	0.535
263.520	0.535
263.625	0.533
263.729	0.532
263.835	0.530
263.940	0.531
264.046	0.529
264.151	0.530
264.255	0.526
264.359	0.529
264.464	0.524
264.569	0.526
264.675	0.523
264.780	0.524
264.884	0.524
264.990	0.518
265.095	0.520
265.201	0.519
265.306	0.518
265.410	0.518
265.516	0.519
265.620	0.514
265.725	0.516
265.830	0.513
265.935	0.514
266.040	0.511
266.146	0.511
266.251	0.508
266.356	0.508
266.463	0.508
266.568	0.506
266.672	0.508
266.778	0.506
266.883	0.504
266.988	0.503
267.093	0.502
267.198	0.503
267.303	0.500
267.409	0.502
267.514	0.501
267.618	0.496
267.722	0.498
267.827	0.498
267.933	0.495
268.038	0.491
268.143	0.492
268.247	0.493
268.353	0.492
268.459	0.489
268.565	0.492
268.670	0.492
268.775	0.487
268.880	0.489
268.985	0.488
269.090	0.485
269.194	0.481
269.300	0.484
269.405	0.480
269.511	0.482
269.615	0.481
269.720	0.478
269.827	0.479
269.931	0.479
270.036	0.478
270.141	0.478
270.246	0.475
270.353	0.475
270.458	0.475
270.563	0.473
270.669	0.471
270.774	0.471
270.878	0.471
270.983	0.469
271.088	0.469
271.192	0.468
271.297	0.465
271.401	0.464
271.506	0.466
271.611	0.464
271.716	0.463
271.820	0.461
271.925	0.460
272.031	0.458
272.135	0.457
272.241	0.458
272.346	0.455
272.452	0.454
272.557	0.456
272.661	0.454
272.765	0.454
272.870	0.452
272.975	0.454
273.080	0.451
273.186	0.451
273.291	0.450
273.396	0.449
273.500	0.446
273.605	0.446
273.710	0.448
273.814	0.443
273.919	0.444
274.024	0.440
274.128	0.442
274.233	0.442
274.339	0.440
274.443	0.439
274.548	0.439
274.653	0.437
274.757	0.437
274.863	0.438
274.969	0.435
275.073	0.436
275.178	0.433
275.283	0.431
275.389	0.433
275.492	0.429
275.598	0.427
275.703	0.428
275.810	0.431
275.916	0.427
276.021	0.427
276.126	0.425
276.230	0.421
276.335	0.428
276.440	0.423
276.544	0.418
276.649	0.423
276.755	0.421
276.861	0.420
276.966	0.421
277.073	0.417
277.178	0.420
277.284	0.416
277.389	0.415
277.496	0.415
277.600	0.413
277.705	0.413
277.810	0.411
277.916	0.410
278.020	0.410
278.124	0.409
278.228	0.409
278.333	0.408
278.437	0.409
278.543	0.407
278.648	0.406
278.754	0.404
278.859	0.400
278.965	0.399
279.070	0.406
279.176	0.403
279.281	0.401
279.386	0.396
279.491	0.400
279.596	0.401
279.700	0.398
279.804	0.398
279.909	0.399
280.013	0.396
280.117	0.396
280.223	0.396
280.328	0.397
280.433	0.394
280.538	0.389
280.643	0.390
280.747	0.391
280.853	0.393
280.958	0.389
281.063	0.387
281.168	0.386
281.273	0.389
281.378	0.387
281.484	0.382
281.588	0.384
281.693	0.382
281.798	0.385
281.902	0.384
282.007	0.381
282.113	0.380
282.218	0.380
282.323	0.378
282.428	0.380
282.533	0.378
282.637	0.376
282.743	0.373
282.849	0.376
282.953	0.372
283.058	0.374
283.163	0.373
283.268	0.370
283.373	0.370
283.477	0.371
283.583	0.371
283.687	0.367
283.793	0.369
283.897	0.367
284.003	0.366
284.108	0.366
284.213	0.363
284.319	0.363
284.424	0.363
284.528	0.360
284.632	0.360
284.738	0.364
284.843	0.360
284.948	0.359
285.053	0.356
285.157	0.357
285.261	0.360
285.366	0.354
285.470	0.353
285.576	0.354
285.680	0.356
285.786	0.355
285.891	0.348
285.996	0.352
286.100	0.349
286.204	0.355
286.309	0.348
286.415	0.347
286.521	0.349
286.625	0.350
286.729	0.351
286.834	0.347
286.938	0.345
287.042	0.347
287.147	0.343
287.253	0.346
287.357	0.345
287.462	0.340
287.567	0.343
287.672	0.340
287.776	0.338
287.881	0.336
287.986	0.339
288.090	0.341
288.195	0.337
288.299	0.335
288.404	0.332
288.508	0.333
288.613	0.332
288.718	0.328
288.823	0.330
288.928	0.329
289.033	0.329
289.137	0.327
289.243	0.328
289.349	0.326
289.453	0.324
289.558	0.323
289.663	0.325
289.768	0.326
289.874	0.319
289.978	0.321
290.083	0.315
290.188	0.317
290.293	0.318
290.399	0.318
290.505	0.316
290.610	0.315
290.715	0.313
290.820	0.308
290.925	0.311
291.030	0.310
291.136	0.307
291.241	0.307
291.346	0.309
291.451	0.304
291.556	0.303
291.661	0.301
291.766	0.302
291.870	0.299
291.976	0.298
292.080	0.297
292.185	0.296
292.291	0.293
292.396	0.292
292.501	0.292
292.606	0.292
292.710	0.293
292.815	0.288
292.920	0.286
293.026	0.285
293.131	0.281
293.236	0.283
293.341	0.281
293.447	0.281
293.552	0.280
293.656	0.277
293.761	0.273
293.865	0.272
293.969	0.272
294.074	0.274
294.179	0.269
294.282	0.267
294.388	0.267
294.492	0.267
294.597	0.265
294.701	0.261
294.805	0.264
294.910	0.259
295.016	0.260
295.121	0.260
295.226	0.258
295.331	0.254
295.436	0.254
295.541	0.251
295.646	0.248
295.750	0.250
295.855	0.250
295.960	0.244
296.065	0.242
296.170	0.242
296.275	0.239
296.381	0.240
296.485	0.240
296.590	0.238
296.695	0.232
296.801	0.234
296.906	0.233
297.010	0.232
297.115	0.229
297.220	0.228
297.326	0.229
297.433	0.226
297.537	0.224
297.643	0.223
297.747	0.222
297.853	0.220
297.958	0.221
298.062	0.222
298.166	0.218
298.271	0.216
298.377	0.213
298.481	0.214
298.586	0.216
298.690	0.212
298.794	0.211
298.898	0.209
299.003	0.208
299.108	0.207
299.212	0.206
299.316	0.207
299.422	0.204
299.528	0.202
299.633	0.202
299.737	0.202
299.843	0.201
299.947	0.199
300.053	0.197
300.157	0.196
300.263	0.196
300.368	0.196
300.473	0.196
300.578	0.195
300.683	0.197
300.788	0.190
300.893	0.190
300.998	0.194
301.103	0.190
301.208	0.191
301.312	0.189
301.417	0.188
301.523	0.185
301.627	0.186
301.732	0.180
301.836	0.184
301.941	0.184
302.045	0.183
302.150	0.178
302.253	0.181
302.359	0.180
302.464	0.181
302.569	0.178
302.673	0.177
302.779	0.180
302.885	0.178
302.990	0.176
303.095	0.175
303.199	0.176
303.305	0.175
303.410	0.173
303.516	0.173
303.622	0.171
303.726	0.169
303.831	0.170
303.936	0.170
304.040	0.168
304.144	0.173
304.251	0.171
304.356	0.167
304.461	0.171
304.567	0.166
304.673	0.169
304.777	0.167
304.882	0.165
304.987	0.165
305.092	0.165
305.196	0.162
305.303	0.164
305.407	0.162
305.512	0.163
305.617	0.161
305.722	0.160
305.826	0.162
305.931	0.162
306.036	0.163
306.140	0.163
306.246	0.160
306.350	0.161
306.456	0.155
306.561	0.159
306.665	0.157
306.769	0.153
306.875	0.155
306.980	0.156
307.085	0.156
307.189	0.154
307.294	0.158
307.398	0.153
307.503	0.157
307.608	0.156
307.713	0.154
307.818	0.155
307.923	0.152
308.029	0.153
308.133	0.151
308.237	0.153
308.343	0.153
308.447	0.149
308.553	0.150
308.658	0.150
308.763	0.150
308.868	0.151
308.972	0.151
309.078	0.149
309.183	0.150
309.288	0.151
309.393	0.150
309.498	0.146
309.603	0.148
309.707	0.144
309.813	0.146
309.918	0.147
310.022	0.147
310.127	0.146
310.232	0.144
310.338	0.147
310.443	0.145
310.547	0.145
310.653	0.147
310.758	0.145
310.863	0.142
310.968	0.144
311.073	0.143
311.178	0.141
311.283	0.143
311.388	0.145
311.494	0.143
311.598	0.140
311.703	0.141
311.809	0.140
311.913	0.144
312.018	0.142
312.123	0.143
312.228	0.141
312.333	0.142
312.439	0.145
312.545	0.141
312.652	0.141
312.756	0.140
312.861	0.140
312.966	0.140
313.071	0.140
313.176	0.142
313.282	0.138
313.386	0.138
313.491	0.139
313.595	0.138
313.701	0.141
313.806	0.141
313.910	0.140
314.015	0.140
314.120	0.140
314.224	0.137
314.330	0.143
314.435	0.138
314.541	0.139
314.645	0.137
314.751	0.138
314.856	0.138
314.961	0.141
315.066	0.139
315.170	0.140
315.274	0.138
315.380	0.140
