42.872	4.162
42.980	4.150
43.085	4.158
43.189	4.159
43.294	4.150
43.399	4.119
43.504	4.092
43.609	4.076
43.714	4.071
43.819	4.049
43.923	4.007
44.028	3.981
44.134	3.968
44.239	3.954
44.345	3.929
44.450	3.892
44.554	3.863
44.660	3.849
44.764	3.843
44.869	3.820
44.974	3.785
45.079	3.751
45.184	3.740
45.289	3.729
45.393	3.705
45.498	3.667
45.602	3.640
45.706	3.623
45.810	3.618
45.916	3.593
46.021	3.558
46.125	3.530
46.230	3.510
46.335	3.501
46.440	3.483
46.545	3.451
46.649	3.413
46.754	3.397
46.858	3.393
46.962	3.369
47.067	3.335
47.171	3.304
47.278	3.283
47.382	3.275
47.488	3.258
47.591	3.226
47.696	3.195
47.800	3.169
47.905	3.164
48.011	3.148
48.116	3.116
48.221	3.082
48.326	3.059
48.430	3.045
48.535	3.032
48.640	3.010
48.747	2.974
48.852	2.946
48.957	2.931
49.061	2.920
49.166	2.893
49.273	2.865
49.377	2.834
49.483	2.819
49.587	2.803
49.692	2.787
49.797	2.753
49.901	2.726
50.006	2.704
50.110	2.692
50.214	2.672
50.319	2.653
50.424	2.619
50.528	2.590
50.633	2.571
50.737	2.564
50.842	2.540
50.948	2.508
51.052	2.481
51.156	2.463
51.262	2.448
51.366	2.427
51.472	2.407
51.576	2.372
51.682	2.346
51.787	2.334
51.892	2.321
51.997	2.299
52.102	2.276
52.206	2.244
52.312	2.218
52.416	2.207
52.522	2.190
52.627	2.164
52.732	2.135
52.838	2.113
52.942	2.092
53.048	2.071
53.152	2.057
53.258	2.036
53.363	2.001
53.467	1.977
53.573	1.966
53.677	1.948
53.782	1.924
53.887	1.904
53.991	1.879
54.097	1.848
54.202	1.832
54.307	1.824
54.412	1.797
54.518	1.772
54.622	1.755
54.727	1.727
54.832	1.701
54.938	1.687
55.042	1.673
55.146	1.649
55.250	1.628
55.355	1.609
55.459	1.592
55.565	1.577
55.669	1.565
55.774	1.557
55.878	1.535
55.984	1.528
56.091	1.524
56.195	1.518
56.300	1.503
56.405	1.506
56.510	1.504
56.614	1.487
56.718	1.479
56.823	1.482
56.928	1.483
57.031	1.473
57.136	1.464
57.240	1.464
57.345	1.456
57.449	1.445
57.554	1.442
57.659	1.441
57.765	1.437
57.870	1.427
57.974	1.429
58.079	1.420
58.184	1.417
58.290	1.412
58.395	1.409
58.500	1.396
58.605	1.391
58.710	1.394
58.814	1.392
58.919	1.380
59.024	1.378
59.130	1.373
59.235	1.369
59.338	1.356
59.444	1.354
59.549	1.363
59.655	1.351
59.759	1.343
59.864	1.340
59.970	1.337
60.075	1.328
60.179	1.325
60.284	1.326
60.389	1.322
60.495	1.312
60.600	1.304
60.704	1.302
60.809	1.297
60.915	1.290
61.019	1.292
61.125	1.289
61.229	1.281
61.334	1.277
61.439	1.271
61.544	1.265
61.650	1.256
61.755	1.260
61.860	1.261
61.964	1.253
62.068	1.241
62.175	1.242
62.279	1.238
62.383	1.232
62.488	1.231
62.592	1.229
62.697	1.227
62.802	1.213
62.907	1.204
63.012	1.207
63.116	1.208
63.222	1.199
63.327	1.200
63.432	1.197
63.537	1.186
63.642	1.180
63.747	1.177
63.851	1.174
63.956	1.177
64.061	1.171
64.166	1.165
64.272	1.165
64.378	1.151
64.483	1.150
64.588	1.148
64.694	1.146
64.799	1.140
64.903	1.138
65.008	1.132
65.112	1.127
65.217	1.123
65.322	1.120
65.428	1.120
65.533	1.117
65.638	1.111
65.741	1.107
65.846	1.100
65.952	1.097
66.056	1.086
66.161	1.087
66.266	1.092
66.372	1.087
66.478	1.082
66.584	1.075
66.690	1.067
66.794	1.064
66.900	1.064
67.005	1.061
67.110	1.060
67.214	1.055
67.318	1.050
67.425	1.046
67.530	1.038
67.635	1.033
67.740	1.030
67.844	1.033
67.949	1.030
68.055	1.024
68.159	1.018
68.264	1.014
68.369	1.012
68.474	1.006
68.578	1.005
68.684	1.007
68.790	1.001
68.894	1.000
68.998	0.992
69.105	0.986
69.210	0.984
69.315	0.983
69.420	0.980
69.524	0.980
69.629	0.974
69.735	0.964
69.840	0.961
69.946	0.960
70.052	0.954
70.157	0.952
70.262	0.951
70.367	0.953
70.473	0.949
70.577	0.940
70.681	0.932
70.787	0.928
70.892	0.926
70.996	0.924
71.102	0.924
71.208	0.924
71.312	0.923
71.417	0.914
71.522	0.908
71.627	0.901
71.732	0.901
71.836	0.897
71.942	0.898
72.047	0.895
72.150	0.894
72.255	0.892
72.360	0.885
72.465	0.879
72.570	0.878
72.674	0.877
72.779	0.876
72.884	0.872
72.990	0.868
73.094	0.865
73.200	0.860
73.304	0.853
73.410	0.848
73.515	0.851
73.620	0.849
73.724	0.845
73.830	0.844
73.936	0.842
74.040	0.839
74.145	0.829
74.251	0.822
74.357	0.822
74.462	0.821
74.567	0.820
74.672	0.819
74.775	0.818
74.879	0.807
74.985	0.805
75.090	0.801
75.195	0.798
75.300	0.797
75.404	0.796
75.509	0.795
75.615	0.793
75.720	0.790
75.824	0.781
75.928	0.777
76.032	0.773
76.138	0.774
76.242	0.770
76.348	0.772
76.454	0.767
76.558	0.763
76.664	0.759
76.769	0.755
76.875	0.750
76.979	0.744
77.085	0.746
77.189	0.743
77.295	0.741
77.399	0.738
77.505	0.739
77.608	0.735
77.715	0.729
77.820	0.726
77.925	0.720
78.030	0.722
78.135	0.721
78.239	0.720
78.343	0.714
78.449	0.713
78.555	0.706
78.660	0.703
78.765	0.697
78.870	0.694
78.975	0.694
79.081	0.694
79.187	0.692
79.292	0.690
79.396	0.684
79.502	0.683
79.608	0.676
79.713	0.672
79.818	0.671
79.925	0.670
80.029	0.666
80.134	0.664
80.241	0.663
80.347	0.660
80.453	0.655
80.557	0.650
80.662	0.647
80.767	0.646
80.873	0.642
80.978	0.642
81.082	0.642
81.187	0.635
81.292	0.636
81.397	0.633
81.503	0.629
81.609	0.626
81.712	0.621
81.818	0.617
81.924	0.615
82.028	0.617
82.134	0.614
82.239	0.610
82.344	0.610
82.449	0.607
82.554	0.603
82.660	0.596
82.764	0.595
82.868	0.590
82.975	0.589
83.080	0.588
83.184	0.586
83.289	0.587
83.394	0.585
83.499	0.580
83.604	0.579
83.710	0.573
83.815	0.572
83.920	0.569
84.024	0.565
84.130	0.562
84.235	0.562
84.342	0.559
84.447	0.560
84.552	0.556
84.657	0.555
84.761	0.550
84.865	0.545
84.970	0.543
85.075	0.541
85.179	0.537
85.285	0.538
85.388	0.534
85.494	0.539
85.598	0.533
85.703	0.529
85.807	0.527
85.912	0.522
86.017	0.519
86.123	0.518
86.227	0.517
86.333	0.516
86.438	0.514
86.544	0.511
86.650	0.511
86.755	0.508
86.860	0.505
86.965	0.503
87.071	0.497
87.176	0.492
87.282	0.491
87.386	0.490
87.492	0.491
87.597	0.492
87.702	0.484
87.807	0.483
87.913	0.480
88.017	0.480
88.123	0.477
88.227	0.473
88.331	0.467
88.437	0.466
88.542	0.463
88.647	0.462
88.752	0.461
88.858	0.458
88.964	0.457
89.068	0.454
89.173	0.453
89.278	0.447
89.385	0.444
89.490	0.443
89.595	0.444
89.699	0.440
89.804	0.438
89.910	0.434
90.014	0.436
90.118	0.434
90.224	0.432
90.329	0.427
90.435	0.427
90.540	0.421
90.645	0.419
90.750	0.419
90.855	0.417
90.960	0.413
91.065	0.413
91.171	0.410
91.275	0.407
91.381	0.407
91.486	0.404
91.590	0.404
91.695	0.402
91.800	0.399
91.905	0.393
92.009	0.392
92.114	0.388
92.220	0.384
92.325	0.388
92.429	0.386
92.534	0.382
92.641	0.381
92.746	0.381
92.852	0.380
92.957	0.374
93.062	0.374
93.167	0.369
93.272	0.369
93.378	0.367
93.482	0.367
93.588	0.362
93.692	0.360
93.797	0.357
93.902	0.359
94.007	0.359
94.112	0.355
94.217	0.352
94.322	0.351
94.427	0.345
94.532	0.349
94.636	0.340
94.741	0.343
94.845	0.339
94.949	0.336
95.055	0.334
95.161	0.333
95.265	0.335
95.370	0.330
95.475	0.326
95.579	0.326
95.685	0.328
95.790	0.322
95.895	0.320
96.000	0.323
96.105	0.315
96.211	0.318
96.317	0.316
96.422	0.311
96.528	0.309
96.632	0.308
96.737	0.308
96.843	0.307
96.948	0.307
97.055	0.305
97.160	0.301
97.265	0.299
97.369	0.297
97.474	0.292
97.578	0.292
97.685	0.293
97.790	0.292
97.895	0.288
98.000	0.286
98.104	0.284
98.209	0.281
98.314	0.284
98.419	0.280
98.525	0.279
98.630	0.278
98.736	0.274
98.842	0.273
98.948	0.273
99.053	0.269
99.158	0.268
99.263	0.271
99.367	0.269
99.472	0.266
99.577	0.264
99.682	0.260
99.787	0.263
99.893	0.260
99.998	0.260
100.104	0.253
100.210	0.258
100.315	0.254
100.420	0.252
100.525	0.252
100.630	0.250
100.735	0.249
100.840	0.249
100.944	0.245
101.049	0.244
101.155	0.245
101.261	0.240
101.365	0.238
101.470	0.241
101.575	0.235
101.681	0.237
101.787	0.238
101.891	0.237
101.995	0.236
102.100	0.234
102.205	0.233
102.309	0.225
102.415	0.226
102.520	0.229
102.625	0.228
102.730	0.225
102.835	0.227
102.940	0.223
103.045	0.225
103.150	0.224
103.254	0.220
103.360	0.220
103.464	0.219
103.570	0.218
103.674	0.219
103.780	0.217
103.885	0.213
103.989	0.217
104.095	0.213
104.200	0.214
104.305	0.211
104.410	0.211
104.515	0.202
104.620	0.205
104.725	0.205
104.830	0.205
104.934	0.203
105.041	0.201
105.146	0.204
105.251	0.201
105.355	0.205
105.460	0.200
105.565	0.199
105.669	0.199
105.775	0.199
105.879	0.199
105.985	0.193
106.090	0.193
106.195	0.194
106.300	0.191
106.404	0.192
106.510	0.187
106.614	0.187
106.719	0.185
106.823	0.180
106.927	0.181
107.034	0.181
107.139	0.183
107.244	0.182
107.348	0.181
107.452	0.181
107.556	0.182
107.660	0.174
107.764	0.176
107.870	0.176
107.975	0.176
108.081	0.176
108.185	0.178
108.290	0.175
108.396	0.172
108.500	0.169
108.604	0.169
108.709	0.169
108.813	0.166
108.917	0.170
109.022	0.165
109.128	0.165
109.233	0.166
109.338	0.164
109.443	0.166
109.548	0.162
109.653	0.163
109.759	0.163
109.864	0.163
109.969	0.159
110.075	0.160
110.180	0.164
110.285	0.164
110.389	0.162
110.493	0.161
110.599	0.163
110.704	0.165
110.810	0.160
110.915	0.160
111.021	0.160
111.125	0.160
111.230	0.155
111.335	0.158
111.440	0.156
111.545	0.157
111.649	0.156
111.753	0.157
111.857	0.154
111.962	0.156
112.067	0.154
112.172	0.153
112.278	0.154
112.382	0.153
112.487	0.154
112.592	0.153
112.698	0.152
112.803	0.152
112.907	0.151
113.011	0.153
