6.620	1.931
6.729	1.926
6.834	1.922
6.938	1.921
7.042	1.925
7.147	1.924
7.252	1.920
7.357	1.929
7.463	1.926
7.568	1.917
7.672	1.916
7.778	1.926
7.881	1.921
7.986	1.915
8.092	1.916
8.196	1.910
8.301	1.907
8.406	1.914
8.510	1.911
8.616	1.907
8.720	1.904
8.825	1.901
8.930	1.900
9.034	1.901
9.140	1.902
9.245	1.895
9.350	1.885
9.455	1.888
9.560	1.889
9.665	1.887
9.771	1.886
9.876	1.883
9.983	1.876
10.088	1.873
10.192	1.878
10.297	1.880
10.403	1.877
10.508	1.870
10.613	1.874
10.718	1.871
10.823	1.869
10.930	1.874
11.034	1.871
11.140	1.862
11.245	1.861
11.350	1.858
11.455	1.856
11.561	1.864
11.666	1.860
11.770	1.855
11.875	1.849
11.980	1.849
12.086	1.854
12.190	1.849
12.295	1.847
12.400	1.844
12.505	1.836
12.610	1.837
12.714	1.842
12.820	1.839
12.925	1.833
13.030	1.829
13.135	1.830
13.240	1.827
13.345	1.829
13.450	1.830
13.555	1.826
13.661	1.825
13.765	1.818
13.870	1.820
13.975	1.819
14.080	1.822
14.185	1.817
14.290	1.806
14.395	1.807
14.501	1.813
14.605	1.809
14.710	1.807
14.815	1.805
14.920	1.801
15.025	1.796
15.130	1.797
15.235	1.800
15.340	1.800
15.444	1.793
15.548	1.788
15.653	1.788
15.756	1.786
15.863	1.785
15.967	1.789
16.070	1.782
16.175	1.776
16.281	1.777
16.386	1.776
16.490	1.775
16.595	1.777
16.701	1.776
16.805	1.768
16.911	1.765
17.015	1.770
17.119	1.766
17.225	1.768
17.330	1.762
17.434	1.761
17.540	1.757
17.644	1.754
17.749	1.758
17.854	1.756
17.958	1.751
18.063	1.749
18.167	1.746
18.271	1.744
18.376	1.745
18.481	1.745
18.585	1.743
18.690	1.734
18.795	1.737
18.900	1.735
19.004	1.738
19.109	1.734
19.214	1.734
19.318	1.727
19.423	1.721
19.528	1.723
19.633	1.725
19.737	1.719
19.842	1.719
19.947	1.718
20.051	1.715
20.156	1.714
20.260	1.713
20.365	1.713
20.469	1.711
20.574	1.708
20.679	1.702
20.784	1.703
20.887	1.701
20.991	1.704
21.096	1.702
21.201	1.697
21.306	1.696
21.410	1.694
21.514	1.692
21.620	1.694
21.726	1.693
21.830	1.689
21.934	1.683
22.039	1.682
22.143	1.684
22.248	1.682
22.353	1.679
22.457	1.677
22.562	1.675
22.666	1.673
22.770	1.676
22.876	1.673
22.980	1.670
23.085	1.664
23.190	1.663
23.294	1.662
23.398	1.659
23.503	1.661
23.607	1.659
23.711	1.655
23.816	1.653
23.921	1.652
24.026	1.649
24.133	1.649
24.238	1.652
24.342	1.650
24.446	1.644
24.550	1.640
24.654	1.642
24.760	1.640
24.865	1.640
24.970	1.638
25.075	1.636
25.180	1.632
25.285	1.629
25.390	1.632
25.495	1.629
25.599	1.630
25.704	1.626
25.809	1.622
25.914	1.621
26.017	1.623
26.122	1.622
26.226	1.618
26.331	1.616
26.435	1.613
26.540	1.610
26.645	1.610
26.750	1.607
26.854	1.610
26.959	1.606
27.064	1.601
27.169	1.600
27.273	1.599
27.378	1.594
27.482	1.597
27.586	1.594
27.691	1.594
27.795	1.592
27.901	1.589
28.006	1.585
28.111	1.586
28.215	1.585
28.320	1.582
28.425	1.579
28.531	1.574
28.636	1.574
28.742	1.576
28.847	1.573
28.951	1.570
29.056	1.570
29.161	1.566
29.266	1.565
29.370	1.564
29.474	1.563
29.579	1.563
29.683	1.559
29.789	1.553
29.893	1.553
29.998	1.553
30.102	1.554
30.206	1.553
30.311	1.550
30.416	1.548
30.520	1.549
30.624	1.543
30.729	1.543
30.832	1.544
30.936	1.539
31.040	1.536
31.145	1.536
31.250	1.533
31.354	1.534
31.459	1.533
31.564	1.529
31.669	1.528
31.773	1.525
31.878	1.522
31.983	1.521
32.088	1.522
32.193	1.516
32.298	1.512
32.402	1.513
32.506	1.510
32.611	1.509
32.716	1.517
32.821	1.506
32.926	1.505
33.030	1.504
33.135	1.502
33.240	1.499
33.345	1.498
33.449	1.500
33.554	1.498
33.658	1.494
33.763	1.491
33.867	1.486
33.971	1.488
34.075	1.487
34.180	1.485
34.284	1.485
34.387	1.478
34.492	1.480
34.597	1.479
34.702	1.479
34.805	1.479
34.909	1.476
35.014	1.473
35.119	1.473
35.223	1.468
35.328	1.472
35.432	1.468
35.537	1.468
35.641	1.462
35.745	1.461
35.850	1.458
35.955	1.458
36.059	1.460
36.164	1.457
36.269	1.452
36.373	1.450
36.478	1.447
36.582	1.446
36.686	1.445
36.790	1.447
36.894	1.441
36.998	1.441
37.103	1.438
37.208	1.436
37.313	1.436
37.416	1.433
37.521	1.434
37.626	1.431
37.731	1.428
37.835	1.426
37.939	1.422
38.044	1.426
38.148	1.422
38.253	1.420
38.358	1.423
38.463	1.416
38.567	1.414
38.672	1.418
38.777	1.413
38.881	1.411
38.985	1.409
39.089	1.407
39.194	1.404
39.298	1.404
39.403	1.402
39.507	1.401
39.611	1.398
39.715	1.395
39.819	1.392
39.923	1.393
40.027	1.393
40.131	1.394
40.238	1.390
40.344	1.384
40.448	1.383
40.553	1.381
40.658	1.380
40.763	1.376
40.867	1.379
40.972	1.377
41.077	1.374
41.183	1.371
41.288	1.370
41.392	1.369
41.497	1.367
41.603	1.367
41.708	1.366
41.813	1.364
41.918	1.363
42.023	1.362
42.128	1.360
42.233	1.361
42.337	1.358
42.443	1.355
42.548	1.355
42.652	1.352
42.756	1.348
42.863	1.352
42.966	1.349
43.070	1.347
43.176	1.345
43.280	1.340
43.385	1.339
43.490	1.338
43.595	1.339
43.701	1.340
43.806	1.334
43.910	1.336
44.015	1.330
44.120	1.327
44.224	1.331
44.327	1.326
44.433	1.325
44.537	1.323
44.641	1.321
44.746	1.320
44.853	1.320
44.956	1.318
45.063	1.318
45.167	1.316
45.273	1.311
45.378	1.309
45.482	1.306
45.588	1.308
45.692	1.308
45.798	1.303
45.902	1.304
46.008	1.306
46.113	1.298
46.217	1.296
46.323	1.294
46.428	1.296
46.532	1.292
46.638	1.290
46.743	1.292
46.849	1.289
46.953	1.283
47.058	1.284
47.164	1.279
47.268	1.280
47.373	1.282
47.478	1.281
47.583	1.274
47.688	1.276
47.792	1.274
47.898	1.270
48.002	1.267
48.107	1.270
48.213	1.268
48.318	1.265
48.423	1.264
48.529	1.264
48.634	1.261
48.739	1.261
48.843	1.259
48.948	1.254
49.053	1.254
49.157	1.251
49.262	1.249
49.367	1.247
49.472	1.248
49.576	1.244
49.680	1.242
49.786	1.240
49.890	1.235
49.996	1.238
50.100	1.243
50.206	1.237
50.310	1.232
50.416	1.236
50.521	1.228
50.625	1.232
50.730	1.229
50.835	1.225
50.940	1.227
51.045	1.221
51.150	1.218
51.255	1.219
51.360	1.216
51.465	1.215
51.569	1.215
51.674	1.212
51.779	1.209
51.883	1.210
51.988	1.208
52.092	1.210
52.198	1.206
52.303	1.207
52.408	1.204
52.512	1.199
52.616	1.198
52.720	1.195
52.826	1.195
52.931	1.195
53.035	1.194
53.140	1.192
53.245	1.189
53.350	1.187
53.456	1.190
53.560	1.183
53.665	1.185
53.770	1.182
53.876	1.182
53.980	1.178
54.085	1.176
54.190	1.173
54.295	1.172
54.400	1.174
54.506	1.169
54.613	1.170
54.718	1.168
54.822	1.165
54.927	1.163
55.034	1.162
55.139	1.159
55.244	1.160
55.347	1.158
55.453	1.156
55.557	1.152
55.663	1.151
55.768	1.148
55.873	1.147
55.977	1.149
56.083	1.146
56.188	1.141
56.293	1.144
56.397	1.140
56.503	1.140
56.608	1.139
56.713	1.136
56.817	1.135
56.923	1.133
57.028	1.125
57.132	1.130
57.237	1.129
57.343	1.123
57.447	1.127
57.551	1.124
57.655	1.123
57.760	1.119
57.866	1.115
57.971	1.115
58.075	1.118
58.180	1.114
58.285	1.113
58.391	1.114
58.498	1.108
58.602	1.107
58.708	1.108
58.812	1.105
58.917	1.102
59.022	1.102
59.127	1.098
59.232	1.099
59.337	1.094
59.443	1.091
59.548	1.091
59.653	1.090
59.758	1.089
59.863	1.089
59.968	1.087
60.073	1.085
60.178	1.081
60.283	1.081
60.388	1.077
60.493	1.077
60.598	1.078
60.703	1.073
60.807	1.073
60.911	1.072
61.016	1.068
61.120	1.072
61.226	1.067
61.330	1.066
61.435	1.064
61.540	1.065
61.644	1.060
61.750	1.058
61.855	1.056
61.961	1.058
62.066	1.054
62.170	1.056
62.276	1.050
62.380	1.050
62.486	1.044
62.590	1.048
62.694	1.043
62.800	1.044
62.906	1.042
63.011	1.038
63.115	1.038
63.221	1.033
63.326	1.033
63.430	1.030
63.535	1.032
63.640	1.027
63.745	1.030
63.851	1.023
63.956	1.025
64.063	1.020
64.168	1.019
64.273	1.023
64.378	1.018
64.485	1.021
64.590	1.019
64.696	1.015
64.801	1.011
64.906	1.006
65.010	1.005
65.116	1.007
65.220	1.005
65.325	1.003
65.430	1.000
65.536	0.999
65.640	0.992
65.745	0.995
65.850	0.991
65.956	0.993
66.062	0.992
66.167	0.988
66.273	0.988
66.378	0.986
66.482	0.985
66.587	0.982
66.693	0.981
66.798	0.981
66.902	0.978
67.008	0.977
67.113	0.976
67.218	0.971
67.323	0.973
67.427	0.972
67.531	0.969
67.636	0.967
67.741	0.966
67.846	0.964
67.951	0.962
68.056	0.960
68.162	0.959
68.266	0.958
68.371	0.956
68.476	0.956
68.580	0.954
68.685	0.952
68.791	0.946
68.896	0.949
69.000	0.946
69.105	0.945
69.210	0.945
69.316	0.945
69.420	0.944
69.526	0.941
69.631	0.935
69.735	0.938
69.840	0.932
69.945	0.931
70.050	0.928
70.155	0.928
70.260	0.927
70.365	0.926
70.468	0.924
70.573	0.924
70.678	0.923
70.783	0.919
70.888	0.918
70.993	0.918
71.099	0.919
71.204	0.909
71.308	0.913
71.413	0.911
71.517	0.911
71.624	0.904
71.729	0.905
71.835	0.906
71.938	0.906
72.043	0.904
72.149	0.897
72.254	0.896
72.359	0.893
72.466	0.892
72.570	0.892
72.674	0.889
72.779	0.888
72.884	0.886
72.989	0.884
73.093	0.880
73.198	0.882
73.303	0.884
73.408	0.879
73.513	0.878
73.618	0.871
73.723	0.870
73.828	0.871
73.933	0.869
74.039	0.868
74.143	0.872
74.248	0.867
74.353	0.867
74.459	0.867
74.564	0.862
74.668	0.860
74.773	0.860
74.878	0.856
74.983	0.855
75.088	0.855
75.193	0.855
75.299	0.852
75.403	0.848
75.508	0.846
75.613	0.843
75.717	0.844
75.823	0.844
75.930	0.842
76.036	0.837
76.141	0.838
76.247	0.836
76.353	0.833
76.458	0.834
76.563	0.833
76.668	0.825
76.772	0.826
76.879	0.828
76.984	0.824
77.088	0.824
77.195	0.819
77.300	0.821
77.405	0.819
77.511	0.818
77.615	0.820
77.721	0.814
77.826	0.817
77.931	0.813
78.036	0.808
78.140	0.808
78.244	0.807
78.350	0.806
78.455	0.805
78.561	0.801
78.666	0.803
78.771	0.801
78.876	0.802
78.980	0.795
79.086	0.795
79.190	0.796
79.296	0.794
79.402	0.791
79.508	0.790
79.613	0.790
79.719	0.787
79.824	0.787
79.929	0.784
80.034	0.779
80.140	0.784
80.245	0.780
80.351	0.777
80.456	0.778
80.560	0.775
80.665	0.775
80.771	0.770
80.876	0.774
80.980	0.769
81.086	0.772
81.191	0.767
81.296	0.765
81.401	0.763
81.506	0.764
81.610	0.763
81.716	0.759
81.820	0.755
81.926	0.754
82.031	0.758
82.136	0.753
82.241	0.754
82.345	0.750
82.451	0.751
82.555	0.748
82.660	0.746
82.766	0.745
82.871	0.745
82.976	0.746
83.081	0.741
83.186	0.738
83.291	0.738
83.395	0.738
83.501	0.739
83.606	0.735
83.710	0.732
83.814	0.730
83.919	0.735
84.023	0.731
84.128	0.732
84.234	0.731
84.339	0.727
84.443	0.729
84.548	0.721
84.652	0.722
84.756	0.721
84.861	0.719
84.966	0.717
85.071	0.717
85.176	0.711
85.280	0.712
85.385	0.708
85.491	0.708
85.596	0.708
85.700	0.709
85.806	0.700
85.910	0.702
86.016	0.700
86.120	0.698
86.226	0.700
86.331	0.698
86.436	0.696
86.541	0.698
86.647	0.698
86.752	0.694
86.857	0.696
86.963	0.694
87.067	0.691
87.171	0.689
87.277	0.690
87.382	0.689
87.486	0.685
87.590	0.683
87.696	0.685
87.800	0.683
87.906	0.681
88.011	0.676
88.115	0.673
88.220	0.673
88.326	0.673
88.431	0.671
88.535	0.668
88.640	0.671
88.746	0.669
88.850	0.668
88.954	0.665
89.061	0.665
89.165	0.663
89.270	0.665
89.376	0.663
89.483	0.660
89.588	0.657
89.693	0.655
89.798	0.656
89.902	0.653
90.007	0.656
90.112	0.655
90.218	0.652
90.323	0.649
90.427	0.651
90.532	0.649
90.638	0.647
90.743	0.648
90.848	0.646
90.953	0.642
91.059	0.643
91.163	0.643
91.268	0.639
91.373	0.639
91.478	0.643
91.583	0.638
91.687	0.636
91.793	0.634
91.898	0.635
92.003	0.633
92.108	0.632
92.214	0.633
92.318	0.634
92.423	0.629
92.527	0.629
92.633	0.625
92.737	0.624
92.843	0.624
92.948	0.621
93.053	0.623
93.158	0.619
93.263	0.620
93.368	0.619
93.472	0.613
93.578	0.619
93.683	0.610
93.788	0.614
93.894	0.613
93.998	0.610
94.103	0.610
94.207	0.607
94.312	0.609
94.418	0.605
94.522	0.604
94.628	0.602
94.732	0.597
94.838	0.601
94.943	0.599
95.047	0.598
95.153	0.601
95.257	0.596
95.363	0.596
95.467	0.592
95.573	0.592
95.678	0.595
95.783	0.594
95.888	0.593
95.994	0.589
96.101	0.591
96.206	0.584
96.311	0.588
96.416	0.586
96.520	0.587
96.626	0.586
96.730	0.581
96.835	0.582
96.941	0.580
97.046	0.578
97.152	0.575
97.258	0.577
97.364	0.576
97.468	0.575
97.573	0.573
97.679	0.569
97.783	0.571
97.888	0.567
97.993	0.567
98.098	0.565
98.204	0.564
98.308	0.563
98.413	0.563
98.519	0.563
98.623	0.561
98.727	0.557
98.833	0.556
98.938	0.556
99.043	0.555
99.148	0.555
99.253	0.552
99.358	0.554
99.463	0.553
99.567	0.549
99.672	0.553
99.778	0.550
99.883	0.548
99.988	0.543
100.094	0.545
100.199	0.546
100.304	0.544
100.409	0.543
100.515	0.540
100.620	0.539
100.726	0.541
100.830	0.538
100.936	0.536
101.042	0.537
101.146	0.533
101.250	0.533
101.356	0.531
101.460	0.533
101.565	0.532
101.671	0.530
101.776	0.530
101.881	0.526
101.986	0.526
102.090	0.525
102.196	0.523
102.301	0.521
102.405	0.521
102.509	0.520
102.615	0.522
102.720	0.518
102.826	0.516
102.930	0.517
103.035	0.513
103.139	0.517
103.244	0.513
103.349	0.510
103.453	0.512
103.557	0.508
103.663	0.508
103.767	0.505
103.873	0.507
103.979	0.508
104.083	0.508
104.188	0.503
104.294	0.501
104.399	0.503
104.504	0.500
104.608	0.502
104.713	0.498
104.818	0.500
104.923	0.496
105.028	0.498
105.133	0.493
105.237	0.493
105.342	0.490
105.448	0.491
105.553	0.489
105.657	0.488
105.762	0.491
105.868	0.489
105.973	0.486
106.078	0.486
106.183	0.484
106.288	0.482
106.393	0.480
106.498	0.482
106.603	0.479
106.709	0.480
106.815	0.479
106.919	0.476
107.024	0.479
107.129	0.473
107.234	0.476
107.340	0.475
107.445	0.471
107.550	0.471
107.655	0.471
107.759	0.473
107.863	0.469
107.968	0.467
108.072	0.468
108.178	0.467
108.282	0.465
108.387	0.464
108.493	0.460
108.597	0.463
108.703	0.462
108.809	0.461
108.913	0.460
109.019	0.456
109.125	0.458
109.230	0.457
109.336	0.459
109.441	0.455
109.545	0.455
109.650	0.453
109.756	0.452
109.861	0.452
109.966	0.450
110.070	0.450
110.176	0.447
110.281	0.447
110.386	0.446
110.491	0.447
110.596	0.442
110.700	0.442
110.806	0.439
110.911	0.438
111.016	0.440
111.120	0.440
111.224	0.440
111.329	0.433
111.434	0.434
111.538	0.433
111.642	0.435
111.748	0.432
111.853	0.433
111.958	0.432
112.063	0.432
112.167	0.430
112.272	0.427
112.378	0.426
112.484	0.424
112.588	0.425
112.693	0.428
112.797	0.422
112.903	0.424
113.008	0.421
113.112	0.420
113.218	0.419
113.323	0.419
113.427	0.419
113.532	0.418
113.638	0.416
113.743	0.415
113.848	0.413
113.952	0.412
114.056	0.411
114.160	0.412
114.265	0.410
114.372	0.412
114.477	0.409
114.583	0.405
114.687	0.407
114.792	0.407
114.898	0.404
115.003	0.405
115.108	0.402
115.213	0.405
115.317	0.399
115.423	0.399
115.527	0.398
115.631	0.398
115.738	0.396
115.842	0.398
115.947	0.392
116.053	0.393
116.158	0.391
116.263	0.393
116.367	0.389
116.473	0.390
116.578	0.388
116.683	0.389
116.788	0.389
116.893	0.386
116.998	0.385
117.104	0.386
117.208	0.383
117.313	0.384
117.417	0.382
117.523	0.380
117.629	0.381
117.733	0.378
117.839	0.377
117.945	0.378
118.050	0.373
118.155	0.372
118.261	0.374
118.365	0.374
118.471	0.373
118.576	0.372
118.680	0.369
118.786	0.368
118.891	0.369
118.996	0.368
119.101	0.368
119.206	0.366
119.311	0.366
119.416	0.364
119.521	0.365
119.625	0.365
119.732	0.361
119.836	0.363
119.940	0.358
120.046	0.361
120.150	0.359
120.256	0.359
120.360	0.357
120.464	0.353
120.569	0.356
120.675	0.352
120.781	0.355
120.885	0.355
120.991	0.351
121.096	0.352
121.200	0.349
121.307	0.352
121.411	0.348
121.516	0.351
121.621	0.345
121.726	0.346
121.830	0.345
121.936	0.347
122.040	0.345
122.146	0.342
122.252	0.343
122.356	0.342
122.461	0.338
122.566	0.338
122.671	0.339
122.776	0.335
122.880	0.338
122.986	0.339
123.091	0.336
123.196	0.334
123.301	0.334
123.406	0.331
123.511	0.333
123.616	0.328
123.720	0.327
123.826	0.327
123.931	0.328
124.036	0.327
124.141	0.328
124.246	0.327
124.351	0.323
124.456	0.323
124.560	0.324
124.666	0.323
124.770	0.320
124.875	0.319
124.981	0.318
125.086	0.318
125.193	0.317
125.299	0.315
125.403	0.317
125.508	0.315
125.613	0.315
125.717	0.315
125.823	0.313
125.927	0.311
126.031	0.309
126.135	0.310
126.240	0.306
126.346	0.306
126.451	0.306
126.556	0.305
126.660	0.303
126.765	0.306
126.871	0.301
126.976	0.301
127.080	0.301
127.186	0.301
127.290	0.300
127.395	0.296
127.500	0.297
127.606	0.295
127.710	0.297
127.816	0.291
127.921	0.292
128.026	0.292
128.131	0.291
128.236	0.285
128.341	0.287
128.445	0.283
128.550	0.284
128.655	0.280
128.759	0.281
128.864	0.284
128.968	0.280
129.073	0.278
129.178	0.273
129.283	0.271
129.388	0.274
129.494	0.271
129.600	0.269
129.705	0.268
129.809	0.266
129.915	0.267
130.020	0.262
130.125	0.263
130.230	0.262
130.336	0.259
130.441	0.257
130.546	0.255
130.650	0.254
130.754	0.253
130.859	0.251
130.964	0.249
131.068	0.248
131.173	0.245
131.277	0.242
131.382	0.244
131.488	0.239
131.593	0.241
131.698	0.238
131.803	0.236
131.908	0.236
132.012	0.232
132.116	0.232
132.221	0.230
132.325	0.229
132.430	0.227
132.536	0.224
132.640	0.221
132.745	0.223
132.850	0.221
132.956	0.218
133.061	0.220
133.166	0.216
133.271	0.217
133.376	0.214
133.480	0.212
133.585	0.210
133.691	0.205
133.796	0.207
133.900	0.205
134.006	0.201
134.111	0.202
134.216	0.202
134.321	0.199
134.426	0.200
134.530	0.199
134.636	0.198
134.740	0.192
134.846	0.192
134.950	0.186
135.056	0.188
135.161	0.188
135.266	0.183
135.372	0.184
135.476	0.182
135.580	0.180
135.686	0.179
135.791	0.179
135.896	0.175
136.000	0.177
136.105	0.173
136.210	0.171
136.316	0.168
136.421	0.166
136.526	0.167
136.631	0.165
136.736	0.161
136.840	0.162
136.946	0.161
137.050	0.159
137.156	0.153
137.261	0.152
137.367	0.156
137.473	0.151
137.577	0.152
137.683	0.152
137.788	0.149
137.893	0.147
137.997	0.147
138.104	0.145
138.209	0.141
138.314	0.143
138.420	0.141
138.525	0.140
138.632	0.139
138.736	0.138
138.841	0.136
138.946	0.134
139.050	0.134
139.156	0.132
139.259	0.132
139.365	0.130
139.469	0.129
139.573	0.127
139.678	0.128
139.783	0.129
139.888	0.128
139.993	0.125
140.097	0.123
140.203	0.122
140.307	0.123
140.411	0.120
140.516	0.120
140.621	0.120
140.725	0.117
140.830	0.117
140.936	0.116
141.041	0.116
141.145	0.116
141.251	0.111
141.356	0.113
141.460	0.113
141.566	0.111
141.670	0.112
141.776	0.114
141.880	0.109
141.985	0.107
142.092	0.108
142.197	0.105
142.302	0.107
142.406	0.107
142.513	0.105
142.619	0.103
142.724	0.103
142.830	0.101
142.936	0.102
143.041	0.101
143.146	0.102
143.252	0.101
143.356	0.100
143.460	0.098
143.567	0.098
143.671	0.097
143.776	0.097
143.881	0.097
143.986	0.099
144.091	0.095
144.196	0.094
144.302	0.092
144.406	0.095
144.510	0.094
144.616	0.093
144.720	0.093
144.824	0.092
144.930	0.090
145.036	0.089
145.141	0.090
145.246	0.088
145.351	0.090
145.456	0.088
145.561	0.089
145.665	0.088
145.771	0.088
145.876	0.085
145.981	0.086
146.085	0.086
146.189	0.086
146.295	0.086
146.401	0.084
146.505	0.087
146.609	0.083
146.714	0.083
146.818	0.081
146.923	0.083
147.028	0.082
147.135	0.084
147.239	0.077
147.343	0.078
147.448	0.082
147.553	0.079
147.657	0.081
147.761	0.080
147.868	0.082
147.973	0.079
148.077	0.079
148.183	0.074
148.287	0.075
148.392	0.076
148.496	0.077
148.601	0.076
148.707	0.076
148.810	0.076
148.916	0.076
149.021	0.074
149.126	0.075
149.231	0.073
149.336	0.074
149.441	0.072
149.545	0.072
149.650	0.075
149.756	0.072
149.860	0.074
149.966	0.070
150.071	0.070
150.175	0.070
150.281	0.070
150.386	0.071
150.491	0.069
150.595	0.070
150.701	0.069
150.805	0.070
150.910	0.068
151.015	0.068
151.120	0.068
151.226	0.065
151.330	0.066
151.436	0.067
151.541	0.066
151.645	0.067
151.749	0.068
151.854	0.064
151.959	0.065
152.064	0.065
152.168	0.064
152.273	0.061
152.378	0.066
152.484	0.065
152.588	0.062
152.693	0.065
152.799	0.061
152.903	0.061
153.008	0.064
153.112	0.063
153.218	0.064
153.323	0.063
153.428	0.064
153.533	0.062
153.638	0.060
153.743	0.064
153.849	0.065
153.953	0.062
154.058	0.062
154.163	0.060
154.268	0.060
154.372	0.063
154.477	0.057
154.582	0.063
154.686	0.059
154.792	0.061
154.897	0.058
155.001	0.059
155.104	0.058
155.209	0.063
155.315	0.056
155.419	0.059
155.525	0.060
155.630	0.060
155.735	0.059
155.840	0.060
155.944	0.059
156.050	0.063
156.156	0.057
156.261	0.055
156.364	0.055
156.469	0.061
156.573	0.056
156.678	0.056
156.783	0.059
156.887	0.056
156.993	0.059
157.098	0.056
157.204	0.053
157.308	0.056
157.413	0.056
157.518	0.058
157.624	0.055
157.728	0.058
157.833	0.056
