9.702	4.001
9.811	3.999
9.915	3.999
10.020	3.997
10.124	4.002
10.230	3.998
10.336	3.995
10.441	3.996
10.545	3.997
10.649	3.996
10.756	3.998
10.861	3.997
10.966	3.992
11.071	3.989
11.177	3.997
11.283	3.993
11.387	3.991
11.491	3.990
11.597	3.986
11.702	3.985
11.808	3.984
11.913	3.978
12.018	3.972
12.123	3.973
12.228	3.976
12.334	3.975
12.439	3.967
12.545	3.965
12.650	3.965
12.755	3.965
12.861	3.962
12.966	3.958
13.071	3.954
13.176	3.951
13.280	3.956
13.385	3.952
13.491	3.950
13.595	3.947
13.702	3.945
13.806	3.946
13.911	3.943
14.016	3.937
14.121	3.938
14.227	3.937
14.332	3.938
14.436	3.935
14.541	3.930
14.646	3.927
14.750	3.927
14.855	3.926
14.960	3.928
15.065	3.920
15.171	3.921
15.276	3.920
15.380	3.919
15.484	3.915
15.588	3.913
15.694	3.907
15.799	3.914
15.904	3.911
16.008	3.906
16.114	3.903
16.218	3.901
16.322	3.900
16.428	3.900
16.533	3.895
16.638	3.893
16.743	3.890
16.848	3.891
16.952	3.889
17.058	3.891
17.163	3.884
17.268	3.881
17.372	3.883
17.476	3.881
17.581	3.877
17.686	3.875
17.791	3.871
17.896	3.871
18.001	3.872
18.105	3.866
18.211	3.866
18.316	3.862
18.421	3.863
18.526	3.862
18.632	3.859
18.736	3.856
18.841	3.855
18.946	3.855
19.050	3.855
19.156	3.848
19.262	3.844
19.368	3.846
19.472	3.845
19.578	3.844
19.683	3.839
19.788	3.838
19.892	3.836
19.998	3.834
20.103	3.836
20.208	3.830
20.313	3.824
20.418	3.826
20.523	3.825
20.629	3.827
20.733	3.821
20.838	3.817
20.944	3.817
21.051	3.818
21.155	3.815
21.261	3.813
21.365	3.809
21.471	3.811
21.577	3.812
21.681	3.808
21.787	3.806
21.891	3.797
21.998	3.798
22.103	3.801
22.207	3.795
22.311	3.795
22.416	3.791
22.520	3.793
22.626	3.789
22.732	3.789
22.838	3.784
22.943	3.779
23.047	3.781
23.152	3.784
23.257	3.781
23.361	3.776
23.466	3.774
23.570	3.773
23.676	3.775
23.779	3.774
23.884	3.767
23.989	3.764
24.093	3.761
24.198	3.765
24.304	3.765
24.410	3.760
24.516	3.757
24.619	3.755
24.723	3.755
24.828	3.751
24.935	3.748
25.039	3.746
25.145	3.746
25.249	3.749
25.354	3.745
25.458	3.739
25.563	3.737
25.667	3.738
25.772	3.737
25.877	3.734
25.982	3.731
26.086	3.728
26.191	3.727
26.296	3.729
26.401	3.729
26.505	3.722
26.610	3.719
26.714	3.718
26.819	3.723
26.924	3.714
27.028	3.714
27.132	3.712
27.237	3.710
27.342	3.713
27.447	3.707
27.552	3.704
27.657	3.701
27.761	3.701
27.866	3.704
27.970	3.701
28.075	3.693
28.179	3.693
28.284	3.691
28.388	3.694
28.494	3.690
28.599	3.686
28.704	3.684
28.809	3.682
28.913	3.683
29.018	3.681
29.125	3.677
29.230	3.674
29.335	3.673
29.441	3.673
29.547	3.670
29.653	3.668
29.757	3.661
29.862	3.661
29.965	3.664
30.071	3.661
30.176	3.660
30.281	3.654
30.386	3.653
30.490	3.655
30.595	3.655
30.702	3.650
30.806	3.646
30.911	3.644
31.015	3.644
31.120	3.642
31.225	3.639
31.330	3.638
31.436	3.638
31.542	3.638
31.646	3.635
31.750	3.632
31.855	3.630
31.959	3.626
32.065	3.624
32.171	3.626
32.275	3.621
32.380	3.618
32.485	3.617
32.589	3.616
32.694	3.618
32.798	3.611
32.902	3.609
33.006	3.607
33.112	3.612
33.217	3.606
33.322	3.604
33.428	3.601
33.533	3.600
33.638	3.601
33.743	3.600
33.849	3.595
33.954	3.591
34.059	3.589
34.163	3.592
34.268	3.592
34.372	3.587
34.478	3.581
34.583	3.581
34.689	3.583
34.793	3.580
34.898	3.576
35.003	3.574
35.108	3.572
35.214	3.574
35.318	3.573
35.424	3.567
35.528	3.562
35.633	3.565
35.738	3.565
35.844	3.562
35.948	3.561
36.054	3.559
36.158	3.555
36.264	3.554
36.369	3.552
36.475	3.553
36.579	3.547
36.683	3.545
36.788	3.546
36.894	3.540
36.998	3.542
37.103	3.540
37.208	3.536
37.313	3.536
37.419	3.535
37.523	3.534
37.628	3.529
37.733	3.525
37.838	3.525
37.943	3.527
38.048	3.521
38.153	3.518
38.258	3.518
38.363	3.516
38.468	3.517
38.573	3.512
38.677	3.510
38.782	3.507
38.887	3.509
38.993	3.506
39.098	3.503
39.203	3.502
39.308	3.499
39.412	3.501
39.517	3.500
39.621	3.497
39.726	3.491
39.830	3.489
39.934	3.488
40.039	3.489
40.144	3.486
40.250	3.482
40.354	3.479
40.460	3.477
40.566	3.480
40.672	3.476
40.776	3.479
40.880	3.469
40.985	3.471
41.090	3.472
41.195	3.467
41.301	3.463
41.406	3.463
41.511	3.463
41.616	3.463
41.719	3.457
41.825	3.453
41.930	3.453
42.036	3.453
42.141	3.452
42.247	3.455
42.351	3.451
42.456	3.449
42.561	3.443
42.666	3.443
42.772	3.445
42.879	3.441
42.983	3.435
43.088	3.435
43.193	3.436
43.298	3.430
43.403	3.430
43.508	3.431
43.613	3.427
43.718	3.423
43.822	3.424
43.926	3.420
44.032	3.420
44.136	3.416
44.241	3.415
44.346	3.417
44.452	3.412
44.556	3.406
44.662	3.408
44.767	3.408
44.871	3.404
44.976	3.404
45.080	3.397
45.186	3.399
45.292	3.394
45.396	3.398
45.501	3.394
45.606	3.391
45.711	3.388
45.815	3.389
45.921	3.385
46.026	3.382
46.133	3.379
46.238	3.378
46.342	3.379
46.447	3.377
46.551	3.376
46.656	3.369
46.761	3.372
46.866	3.368
46.972	3.369
47.079	3.367
47.183	3.361
47.289	3.362
47.393	3.361
47.497	3.359
47.602	3.358
47.707	3.352
47.812	3.350
47.916	3.351
48.022	3.349
48.126	3.347
48.231	3.345
48.336	3.344
48.441	3.342
48.545	3.341
48.651	3.338
48.757	3.333
48.861	3.336
48.966	3.334
49.069	3.333
49.176	3.330
49.280	3.328
49.386	3.321
49.490	3.322
49.596	3.321
49.701	3.322
49.805	3.318
49.911	3.318
50.017	3.315
50.123	3.316
50.228	3.312
50.333	3.308
50.439	3.307
50.544	3.303
50.649	3.303
50.754	3.299
50.858	3.301
50.963	3.297
51.067	3.294
51.171	3.296
51.276	3.292
51.381	3.293
51.487	3.287
51.591	3.286
51.696	3.289
51.801	3.284
51.907	3.281
52.012	3.281
52.116	3.278
52.221	3.278
52.326	3.274
52.431	3.272
52.536	3.272
52.641	3.270
52.747	3.267
52.851	3.264
52.956	3.264
53.061	3.260
53.166	3.262
53.270	3.258
53.376	3.260
53.482	3.256
53.587	3.251
53.693	3.251
53.798	3.253
53.903	3.251
54.008	3.241
54.112	3.246
54.216	3.244
54.321	3.241
54.426	3.243
54.530	3.238
54.636	3.233
54.741	3.234
54.848	3.233
54.952	3.234
55.059	3.233
55.162	3.228
55.266	3.226
55.371	3.224
55.476	3.222
55.581	3.220
55.686	3.217
55.790	3.216
55.896	3.214
56.001	3.215
56.107	3.211
56.211	3.208
56.317	3.209
56.421	3.203
56.527	3.204
56.631	3.202
56.736	3.200
56.842	3.199
56.946	3.199
57.051	3.195
57.157	3.192
57.262	3.192
57.366	3.189
57.471	3.191
57.576	3.180
57.680	3.186
57.784	3.186
57.889	3.180
57.996	3.178
58.101	3.178
58.206	3.177
58.311	3.175
58.416	3.172
58.522	3.168
58.629	3.168
58.733	3.167
58.839	3.166
58.942	3.167
59.048	3.162
59.152	3.159
59.259	3.157
59.364	3.158
59.469	3.158
59.574	3.150
59.680	3.147
59.783	3.149
59.889	3.147
59.992	3.146
60.099	3.143
60.204	3.140
60.309	3.140
60.414	3.139
60.517	3.138
60.622	3.135
60.727	3.131
60.831	3.130
60.936	3.128
61.041	3.128
61.146	3.125
61.251	3.121
61.356	3.121
61.461	3.122
61.568	3.116
61.673	3.119
61.778	3.116
61.884	3.114
61.989	3.112
62.095	3.107
62.200	3.109
62.304	3.104
62.408	3.104
62.513	3.099
62.619	3.102
62.724	3.099
62.829	3.094
62.935	3.092
63.039	3.094
63.144	3.092
63.250	3.089
63.354	3.088
63.458	3.088
63.563	3.091
63.669	3.082
63.772	3.078
63.877	3.080
63.981	3.079
64.086	3.075
64.191	3.075
64.296	3.073
64.402	3.069
64.507	3.067
64.614	3.064
64.719	3.063
64.824	3.062
64.928	3.059
65.033	3.055
65.138	3.058
65.244	3.057
65.348	3.051
65.454	3.054
65.559	3.050
65.662	3.048
65.768	3.047
65.873	3.044
65.978	3.047
66.083	3.039
66.189	3.040
66.293	3.039
66.398	3.037
66.504	3.034
66.609	3.032
66.715	3.031
66.820	3.030
66.927	3.028
67.031	3.027
67.135	3.026
67.241	3.022
67.346	3.021
67.451	3.018
67.558	3.018
67.663	3.016
67.768	3.015
67.874	3.013
67.980	3.009
68.086	3.010
68.191	3.005
68.296	3.006
68.401	3.006
68.507	3.002
68.611	2.996
68.717	2.997
68.822	2.995
68.926	2.993
69.032	2.992
69.136	2.993
69.241	2.987
69.346	2.987
69.451	2.986
69.556	2.981
69.662	2.979
69.766	2.979
69.870	2.978
69.976	2.975
70.081	2.978
70.186	2.974
70.291	2.968
70.396	2.966
70.502	2.965
70.607	2.967
70.712	2.966
70.819	2.962
70.924	2.960
71.029	2.962
71.134	2.954
71.241	2.954
71.346	2.956
71.450	2.952
71.555	2.948
71.661	2.946
71.766	2.946
71.871	2.942
71.977	2.947
72.081	2.939
72.186	2.940
72.291	2.941
72.397	2.939
72.501	2.937
72.607	2.930
72.712	2.930
72.817	2.932
72.921	2.927
73.026	2.926
73.130	2.924
73.236	2.921
73.342	2.924
73.447	2.919
73.552	2.919
73.656	2.913
73.762	2.910
73.866	2.914
73.971	2.910
74.076	2.909
74.181	2.905
74.286	2.908
74.391	2.902
74.496	2.901
74.601	2.901
74.706	2.900
74.812	2.897
74.918	2.896
75.024	2.893
75.129	2.890
75.233	2.890
75.339	2.884
75.444	2.889
75.548	2.886
75.652	2.882
75.759	2.884
75.864	2.878
75.968	2.880
76.074	2.872
76.179	2.873
76.284	2.871
76.390	2.872
76.495	2.870
76.601	2.865
76.706	2.864
76.812	2.865
76.916	2.865
77.021	2.862
77.126	2.858
77.231	2.859
77.336	2.855
77.442	2.853
77.546	2.851
77.651	2.850
77.756	2.847
77.861	2.845
77.966	2.844
78.070	2.841
78.177	2.837
78.281	2.839
78.386	2.841
78.492	2.835
78.596	2.836
78.701	2.829
78.806	2.830
78.910	2.828
79.015	2.828
79.121	2.825
79.226	2.824
79.331	2.823
79.436	2.820
79.542	2.820
79.649	2.817
79.753	2.816
79.858	2.814
79.963	2.809
80.069	2.805
80.175	2.809
80.281	2.804
80.386	2.801
80.492	2.798
80.597	2.800
80.702	2.798
80.807	2.795
80.911	2.799
81.016	2.792
81.122	2.792
81.227	2.793
81.332	2.790
81.436	2.787
81.542	2.782
81.649	2.783
81.754	2.782
81.859	2.779
81.964	2.778
82.068	2.776
82.174	2.774
82.279	2.776
82.384	2.770
82.488	2.768
82.594	2.763
82.699	2.766
82.804	2.763
82.909	2.765
83.013	2.760
83.120	2.757
83.224	2.758
83.329	2.755
83.434	2.753
83.539	2.750
83.644	2.749
83.748	2.748
83.855	2.745
83.959	2.747
84.064	2.743
84.168	2.741
84.274	2.739
84.379	2.739
84.484	2.734
84.589	2.735
84.694	2.735
84.799	2.732
84.903	2.733
85.007	2.727
85.112	2.727
85.216	2.724
85.322	2.725
85.426	2.722
85.531	2.718
85.636	2.715
85.741	2.714
85.846	2.712
85.952	2.709
86.056	2.708
86.161	2.711
86.266	2.704
86.371	2.705
86.476	2.703
86.581	2.701
86.687	2.700
86.792	2.697
86.896	2.697
87.001	2.693
87.107	2.690
87.211	2.689
87.317	2.687
87.421	2.688
87.526	2.686
87.632	2.683
87.737	2.683
87.843	2.683
87.946	2.678
88.051	2.675
88.156	2.675
88.261	2.672
88.366	2.668
88.472	2.667
88.576	2.669
88.681	2.671
88.786	2.667
88.891	2.663
88.996	2.661
89.102	2.660
89.206	2.657
89.310	2.654
89.414	2.656
89.519	2.652
89.623	2.650
89.729	2.648
89.834	2.652
89.940	2.649
90.045	2.645
90.150	2.644
90.254	2.642
90.359	2.640
90.463	2.636
90.569	2.637
90.674	2.635
90.779	2.632
90.884	2.630
90.989	2.632
91.094	2.626
91.198	2.627
91.304	2.624
91.409	2.624
91.514	2.620
91.620	2.618
91.725	2.616
91.831	2.616
91.936	2.614
92.040	2.612
92.146	2.610
92.252	2.604
92.357	2.604
92.464	2.602
92.569	2.603
92.673	2.602
92.779	2.600
92.883	2.595
92.987	2.595
93.091	2.595
93.197	2.593
93.302	2.593
93.406	2.588
93.512	2.583
93.617	2.586
93.721	2.585
93.826	2.583
93.931	2.581
94.036	2.581
94.142	2.577
94.247	2.576
94.352	2.572
94.456	2.574
94.562	2.571
94.667	2.568
94.772	2.569
94.876	2.565
94.982	2.566
95.087	2.563
95.192	2.562
95.296	2.557
95.401	2.556
95.506	2.554
95.610	2.553
95.716	2.552
95.819	2.549
95.923	2.549
96.029	2.546
96.134	2.546
96.239	2.543
96.344	2.540
96.450	2.542
96.554	2.537
96.659	2.536
96.765	2.533
96.870	2.531
96.976	2.532
97.081	2.527
97.186	2.532
97.291	2.530
97.396	2.523
97.500	2.522
97.604	2.523
97.710	2.519
97.816	2.519
97.922	2.514
98.026	2.510
98.131	2.512
98.237	2.511
98.341	2.508
98.446	2.506
98.552	2.504
98.656	2.504
98.761	2.501
98.866	2.501
98.971	2.502
99.076	2.496
99.181	2.496
99.286	2.494
99.391	2.494
99.496	2.487
99.602	2.489
99.707	2.485
99.812	2.483
99.917	2.484
100.022	2.478
100.128	2.482
100.234	2.479
100.339	2.478
100.444	2.476
100.548	2.471
100.652	2.474
100.756	2.469
100.861	2.469
100.966	2.467
101.071	2.463
101.176	2.463
101.281	2.462
101.386	2.459
101.491	2.458
101.596	2.458
101.702	2.457
101.807	2.453
101.912	2.447
102.016	2.448
102.120	2.443
102.225	2.446
102.331	2.444
102.437	2.444
102.542	2.442
102.646	2.442
102.751	2.438
102.856	2.436
102.962	2.435
103.067	2.436
103.171	2.431
103.277	2.429
103.382	2.427
103.486	2.424
103.591	2.425
103.695	2.420
103.800	2.422
103.905	2.418
104.011	2.417
104.115	2.417
104.221	2.415
104.325	2.410
104.429	2.411
104.534	2.407
104.638	2.407
104.744	2.405
104.849	2.401
104.955	2.401
105.059	2.400
105.164	2.400
105.269	2.398
105.375	2.397
105.480	2.393
105.586	2.395
105.690	2.395
105.796	2.389
105.901	2.386
106.006	2.384
106.111	2.382
106.216	2.380
106.320	2.377
106.426	2.377
106.530	2.375
106.634	2.373
106.739	2.373
106.844	2.373
106.949	2.367
107.055	2.368
107.160	2.366
107.265	2.361
107.370	2.359
107.475	2.357
107.579	2.358
107.684	2.356
107.789	2.354
107.894	2.351
107.999	2.353
108.105	2.350
108.209	2.348
108.313	2.350
108.417	2.343
108.523	2.343
108.627	2.343
108.732	2.338
108.837	2.339
108.942	2.336
109.047	2.333
109.152	2.332
109.256	2.332
109.361	2.331
109.466	2.331
109.571	2.328
109.676	2.327
109.782	2.326
109.887	2.323
109.991	2.322
110.096	2.317
110.201	2.313
110.306	2.315
110.412	2.315
110.517	2.312
110.622	2.306
110.727	2.309
110.832	2.306
110.936	2.305
111.040	2.305
111.146	2.301
111.250	2.298
111.355	2.297
111.460	2.302
111.564	2.298
111.669	2.292
111.775	2.291
111.879	2.289
111.984	2.291
112.089	2.289
112.194	2.287
112.299	2.282
112.404	2.281
112.509	2.278
112.614	2.277
112.719	2.275
112.824	2.273
112.930	2.269
113.034	2.272
113.139	2.270
113.245	2.268
113.349	2.267
113.454	2.262
113.560	2.259
113.666	2.257
113.770	2.257
113.875	2.258
113.981	2.258
114.086	2.252
114.192	2.254
114.297	2.248
114.404	2.250
114.509	2.249
114.613	2.242
114.719	2.244
114.823	2.241
114.929	2.239
115.034	2.235
115.139	2.238
115.243	2.237
115.349	2.231
115.453	2.229
115.559	2.232
115.663	2.227
115.768	2.225
115.874	2.225
115.979	2.221
116.083	2.220
116.190	2.218
116.294	2.216
116.398	2.216
116.504	2.214
116.609	2.212
116.714	2.209
116.819	2.213
116.925	2.207
117.031	2.208
117.135	2.204
117.241	2.202
117.346	2.205
117.450	2.200
117.556	2.199
117.661	2.194
117.766	2.195
117.872	2.199
117.977	2.190
118.081	2.187
118.186	2.188
118.290	2.187
118.394	2.184
118.498	2.183
118.603	2.184
118.709	2.179
118.814	2.177
118.919	2.178
119.024	2.172
119.129	2.173
119.234	2.170
119.339	2.167
119.444	2.170
119.549	2.167
119.654	2.167
119.760	2.164
119.865	2.161
119.971	2.160
120.076	2.159
120.182	2.156
120.286	2.153
120.391	2.152
120.497	2.152
120.601	2.150
120.707	2.148
120.811	2.146
120.917	2.145
121.022	2.145
121.126	2.140
121.232	2.138
121.337	2.138
121.442	2.136
121.547	2.133
121.651	2.136
121.756	2.133
121.863	2.131
121.969	2.130
122.075	2.125
122.181	2.123
122.285	2.124
122.390	2.124
122.496	2.121
122.601	2.119
122.706	2.116
122.810	2.114
122.915	2.112
123.021	2.112
123.126	2.109
123.232	2.106
123.337	2.105
123.442	2.104
123.549	2.106
123.654	2.100
123.759	2.100
123.863	2.098
123.968	2.095
124.074	2.095
124.179	2.095
124.284	2.092
124.389	2.088
124.494	2.086
124.599	2.088
124.704	2.087
124.809	2.080
124.913	2.084
125.019	2.082
125.124	2.081
125.229	2.079
125.333	2.077
125.439	2.074
125.544	2.073
125.649	2.068
125.754	2.067
125.858	2.070
125.965	2.069
126.069	2.062
126.174	2.062
126.279	2.059
126.384	2.056
126.489	2.054
126.594	2.054
126.699	2.053
126.803	2.049
126.908	2.053
127.013	2.048
127.119	2.045
127.225	2.045
127.331	2.044
127.436	2.039
127.540	2.037
127.645	2.037
127.748	2.035
127.853	2.036
127.958	2.030
128.063	2.030
128.169	2.027
128.274	2.026
128.378	2.021
128.484	2.024
128.589	2.026
128.694	2.024
128.799	2.018
128.904	2.017
129.008	2.013
129.115	2.014
129.219	2.014
129.325	2.010
129.429	2.010
129.534	2.007
129.638	2.007
129.744	2.003
129.849	2.002
129.954	2.001
130.058	1.999
130.162	1.995
130.266	1.995
130.370	1.994
130.474	1.994
130.579	1.989
130.684	1.990
130.789	1.985
130.895	1.983
131.001	1.983
131.106	1.980
131.212	1.978
131.316	1.979
131.421	1.977
131.525	1.975
131.631	1.975
131.736	1.972
131.842	1.973
131.946	1.968
132.051	1.966
132.157	1.964
132.263	1.962
132.368	1.968
132.474	1.963
132.579	1.959
132.683	1.959
132.789	1.955
132.894	1.953
132.999	1.950
133.104	1.951
133.209	1.952
133.314	1.948
133.419	1.947
133.523	1.944
133.629	1.944
133.733	1.945
133.839	1.943
133.944	1.939
134.049	1.936
134.153	1.936
134.259	1.933
134.363	1.933
134.469	1.927
134.574	1.931
134.679	1.927
134.784	1.925
134.889	1.924
134.995	1.923
135.100	1.918
135.204	1.917
135.309	1.916
135.414	1.912
135.519	1.914
135.623	1.910
135.728	1.912
135.834	1.910
135.939	1.907
136.044	1.904
136.149	1.901
136.254	1.902
136.359	1.900
136.464	1.894
136.569	1.896
136.674	1.896
136.779	1.892
136.884	1.889
136.989	1.891
137.094	1.886
137.199	1.889
137.304	1.884
137.408	1.882
137.513	1.882
137.619	1.880
137.725	1.880
137.829	1.877
137.934	1.876
138.040	1.874
138.144	1.872
138.249	1.869
138.355	1.869
138.460	1.867
138.564	1.867
138.668	1.864
138.774	1.861
138.879	1.860
138.983	1.859
139.089	1.857
139.193	1.855
139.298	1.854
139.404	1.854
139.509	1.851
139.614	1.848
139.719	1.845
139.823	1.847
139.928	1.845
140.031	1.841
140.136	1.842
140.241	1.840
140.346	1.838
140.451	1.836
140.556	1.837
140.661	1.833
140.766	1.829
140.871	1.824
140.975	1.826
141.081	1.824
141.185	1.826
141.290	1.824
141.394	1.817
141.499	1.819
141.604	1.813
141.710	1.815
141.814	1.812
141.919	1.811
142.024	1.809
142.128	1.806
142.233	1.804
142.338	1.805
142.443	1.804
142.548	1.803
142.654	1.800
142.759	1.798
142.864	1.798
142.968	1.795
143.074	1.794
143.179	1.790
143.283	1.791
143.388	1.789
143.494	1.786
143.598	1.787
143.703	1.782
143.809	1.779
143.913	1.783
144.017	1.775
144.122	1.778
144.227	1.778
144.332	1.777
144.436	1.774
144.542	1.770
144.647	1.766
144.751	1.767
144.857	1.769
144.963	1.764
145.067	1.764
145.172	1.760
145.276	1.760
145.380	1.759
145.484	1.759
145.590	1.759
145.696	1.754
145.800	1.750
145.905	1.749
146.009	1.751
146.113	1.747
146.219	1.746
146.323	1.742
146.429	1.738
146.534	1.738
146.638	1.738
146.742	1.737
146.846	1.735
146.951	1.734
147.056	1.733
147.162	1.727
147.266	1.729
147.372	1.728
147.476	1.724
147.582	1.720
147.686	1.718
147.791	1.718
147.896	1.719
148.000	1.717
148.107	1.716
148.211	1.715
148.316	1.711
148.422	1.710
148.527	1.710
148.633	1.704
148.738	1.706
148.842	1.702
148.946	1.705
149.052	1.703
149.158	1.697
149.262	1.696
149.366	1.697
149.472	1.695
149.576	1.694
149.682	1.691
149.786	1.692
149.892	1.688
149.997	1.686
150.102	1.686
150.206	1.682
150.312	1.682
150.417	1.680
150.523	1.680
150.628	1.677
150.733	1.675
150.839	1.675
150.944	1.670
151.048	1.672
151.154	1.668
151.259	1.665
151.363	1.662
151.469	1.665
151.574	1.662
151.679	1.659
151.784	1.657
151.888	1.655
151.992	1.654
152.096	1.653
152.201	1.651
152.307	1.650
152.412	1.645
152.517	1.643
152.622	1.644
152.727	1.646
152.832	1.641
152.937	1.640
153.043	1.637
153.147	1.636
153.252	1.640
153.357	1.631
153.462	1.631
153.566	1.627
153.671	1.629
153.775	1.629
153.880	1.622
153.985	1.622
154.089	1.621
154.195	1.617
154.301	1.617
154.406	1.615
154.511	1.613
154.617	1.615
154.723	1.606
154.828	1.611
154.934	1.608
155.039	1.602
155.143	1.608
155.249	1.604
155.353	1.601
155.459	1.600
155.564	1.596
155.669	1.595
155.774	1.594
155.878	1.595
155.983	1.589
156.088	1.588
156.193	1.588
156.299	1.589
156.403	1.583
156.509	1.585
156.613	1.582
156.719	1.581
156.825	1.579
156.931	1.579
157.036	1.574
157.141	1.572
157.246	1.573
157.351	1.572
157.456	1.566
157.562	1.566
157.667	1.562
157.771	1.563
157.877	1.562
157.982	1.561
158.086	1.558
158.191	1.555
158.297	1.554
158.403	1.554
158.507	1.550
158.612	1.552
158.717	1.546
158.821	1.545
158.927	1.544
159.032	1.542
159.136	1.543
159.242	1.539
159.348	1.536
159.454	1.537
159.559	1.536
159.663	1.538
159.768	1.534
159.873	1.531
159.978	1.525
160.083	1.528
160.189	1.526
160.293	1.523
160.397	1.522
160.502	1.519
160.608	1.520
160.714	1.518
160.819	1.518
160.923	1.516
161.028	1.515
161.134	1.511
161.238	1.510
161.343	1.507
161.448	1.508
161.553	1.506
161.658	1.506
161.763	1.500
161.867	1.502
161.972	1.496
162.076	1.496
162.182	1.496
162.286	1.492
162.392	1.492
162.497	1.489
162.601	1.485
162.706	1.486
162.812	1.488
162.917	1.484
163.022	1.482
163.126	1.478
163.232	1.477
163.336	1.476
163.442	1.474
163.546	1.474
163.651	1.471
163.755	1.470
163.860	1.469
163.964	1.466
164.071	1.466
164.176	1.464
164.280	1.463
164.386	1.461
164.492	1.456
164.596	1.456
164.703	1.455
164.808	1.452
164.914	1.454
165.019	1.449
165.124	1.444
165.229	1.447
165.335	1.441
165.440	1.441
165.546	1.445
165.651	1.439
165.756	1.439
165.862	1.438
165.966	1.437
166.072	1.436
166.177	1.436
166.283	1.433
166.388	1.434
166.491	1.427
166.596	1.427
166.702	1.420
166.806	1.419
166.910	1.421
167.014	1.419
167.118	1.416
167.224	1.415
167.331	1.413
167.436	1.411
167.543	1.413
167.649	1.413
167.753	1.408
167.857	1.407
167.962	1.407
168.066	1.404
168.172	1.400
168.276	1.403
168.382	1.399
168.487	1.397
168.592	1.395
168.697	1.394
168.802	1.391
168.907	1.389
169.013	1.392
169.119	1.391
169.224	1.386
169.329	1.382
169.433	1.382
169.539	1.381
169.644	1.384
169.748	1.378
169.852	1.378
169.956	1.373
170.061	1.374
170.166	1.370
170.270	1.370
170.374	1.368
170.478	1.369
170.582	1.366
170.687	1.364
170.792	1.360
170.897	1.357
171.002	1.357
171.108	1.358
171.213	1.361
171.317	1.354
171.422	1.351
171.528	1.353
171.632	1.351
171.737	1.349
171.844	1.346
171.949	1.344
172.054	1.341
172.159	1.343
172.264	1.339
172.369	1.340
172.474	1.338
172.579	1.337
172.683	1.334
172.789	1.332
172.894	1.331
173.000	1.327
173.106	1.325
173.210	1.326
173.314	1.324
173.418	1.322
173.523	1.318
173.628	1.318
173.734	1.314
173.838	1.314
173.945	1.314
174.049	1.311
174.153	1.309
174.257	1.308
174.363	1.305
174.467	1.302
174.571	1.302
174.675	1.301
174.779	1.299
174.884	1.300
174.989	1.300
175.094	1.296
175.198	1.297
175.304	1.297
175.408	1.295
175.513	1.293
175.618	1.290
175.722	1.286
175.826	1.282
175.932	1.282
176.038	1.286
176.142	1.282
176.247	1.278
176.352	1.275
176.456	1.275
176.560	1.274
176.664	1.274
176.768	1.274
176.874	1.271
176.979	1.268
177.083	1.262
177.187	1.262
177.293	1.263
177.398	1.263
177.503	1.260
177.608	1.256
177.713	1.260
177.819	1.256
177.924	1.255
178.029	1.253
178.133	1.248
178.239	1.245
178.343	1.248
178.449	1.244
178.553	1.246
178.658	1.243
178.763	1.243
178.869	1.239
178.974	1.240
179.079	1.235
179.186	1.235
179.290	1.231
179.396	1.228
179.500	1.232
179.605	1.226
179.711	1.225
179.816	1.223
179.922	1.221
180.026	1.219
180.132	1.218
180.237	1.215
180.342	1.213
180.447	1.214
180.552	1.215
180.657	1.213
180.762	1.209
180.866	1.208
180.970	1.206
181.076	1.203
181.181	1.203
181.286	1.203
181.392	1.198
181.498	1.199
181.602	1.194
181.709	1.195
181.814	1.193
181.919	1.193
182.024	1.192
182.129	1.190
182.235	1.185
182.339	1.185
182.445	1.186
182.551	1.180
182.657	1.183
182.763	1.178
182.868	1.176
182.973	1.176
183.079	1.173
183.185	1.176
183.291	1.170
183.397	1.168
183.502	1.170
183.606	1.165
183.711	1.165
183.815	1.162
183.920	1.160
184.026	1.159
184.132	1.160
184.237	1.159
184.342	1.156
184.447	1.150
184.552	1.149
184.658	1.148
184.762	1.148
184.866	1.145
184.971	1.143
185.076	1.140
185.180	1.140
185.285	1.138
185.389	1.137
185.494	1.138
185.598	1.136
185.704	1.132
185.809	1.130
185.915	1.128
186.022	1.128
186.127	1.126
186.233	1.123
186.339	1.123
186.443	1.122
186.549	1.121
186.653	1.116
186.758	1.116
186.863	1.114
186.969	1.114
187.073	1.108
187.179	1.110
187.285	1.110
187.389	1.103
187.493	1.106
187.599	1.102
187.705	1.104
187.811	1.098
187.916	1.099
188.023	1.098
188.127	1.097
188.232	1.092
188.337	1.093
188.442	1.088
188.547	1.086
188.651	1.086
188.756	1.087
188.861	1.083
188.965	1.082
189.069	1.081
189.174	1.081
189.279	1.080
189.385	1.079
189.490	1.077
189.595	1.075
189.699	1.072
189.803	1.069
189.908	1.068
190.014	1.068
190.119	1.065
190.225	1.064
190.330	1.061
190.435	1.063
190.539	1.058
190.643	1.056
190.749	1.055
190.855	1.054
190.961	1.054
191.067	1.049
191.171	1.050
191.276	1.049
191.381	1.046
191.487	1.044
191.592	1.042
191.697	1.040
191.801	1.037
191.907	1.035
192.012	1.035
192.118	1.036
192.223	1.033
192.328	1.031
192.434	1.035
192.539	1.028
192.644	1.032
192.749	1.024
192.854	1.026
192.959	1.022
193.064	1.021
193.169	1.018
193.273	1.017
193.379	1.016
193.483	1.016
193.588	1.017
193.692	1.011
193.797	1.010
193.902	1.010
194.006	1.007
194.110	1.004
194.215	1.003
194.319	1.003
194.424	1.000
194.529	0.998
194.634	0.998
194.739	0.995
194.845	0.993
194.951	0.993
195.056	0.990
195.160	0.988
195.266	0.983
195.371	0.987
195.476	0.985
195.582	0.979
195.687	0.982
195.792	0.980
195.896	0.979
196.002	0.979
196.106	0.970
196.212	0.968
196.317	0.969
196.421	0.965
196.527	0.966
196.631	0.962
196.737	0.965
196.843	0.965
196.947	0.958
197.052	0.960
197.157	0.955
197.263	0.959
197.367	0.955
197.473	0.953
197.577	0.953
197.682	0.950
197.786	0.949
197.890	0.943
197.996	0.945
198.101	0.943
198.206	0.941
198.311	0.941
198.416	0.939
198.520	0.936
198.625	0.937
198.730	0.935
198.834	0.933
198.939	0.932
199.043	0.931
199.149	0.923
199.254	0.929
199.359	0.920
199.464	0.925
199.569	0.923
199.674	0.922
199.779	0.915
199.883	0.917
199.989	0.914
200.094	0.914
200.199	0.910
200.305	0.912
200.410	0.910
200.517	0.908
200.621	0.909
200.726	0.907
200.829	0.903
200.934	0.900
201.039	0.902
201.143	0.901
201.249	0.900
201.354	0.896
201.459	0.893
201.565	0.889
201.670	0.892
201.774	0.888
201.879	0.887
201.983	0.884
202.089	0.887
202.194	0.885
202.299	0.882
202.403	0.879
202.507	0.880
202.612	0.877
202.717	0.876
202.822	0.873
202.926	0.869
203.032	0.873
203.137	0.868
203.242	0.867
203.347	0.864
203.452	0.863
203.556	0.862
203.662	0.859
203.767	0.858
203.873	0.857
203.979	0.856
204.084	0.853
204.188	0.850
204.293	0.851
204.399	0.851
204.504	0.847
204.610	0.847
204.713	0.845
204.819	0.843
204.923	0.839
205.028	0.842
205.133	0.836
205.238	0.836
205.342	0.835
205.446	0.833
205.552	0.829
205.656	0.830
205.760	0.828
205.864	0.822
205.968	0.824
206.073	0.823
206.179	0.819
206.283	0.818
206.387	0.818
206.493	0.818
206.597	0.816
206.702	0.816
206.808	0.814
206.912	0.813
207.018	0.809
207.124	0.809
207.228	0.807
207.334	0.802
207.440	0.803
207.544	0.802
207.649	0.801
207.755	0.799
207.861	0.794
207.967	0.796
208.070	0.790
208.175	0.790
208.278	0.791
208.383	0.789
208.488	0.786
208.594	0.785
208.699	0.784
208.804	0.786
208.909	0.780
209.013	0.779
209.118	0.778
209.223	0.776
209.329	0.774
209.433	0.773
209.539	0.772
209.644	0.773
209.749	0.767
209.855	0.769
209.959	0.768
210.065	0.764
210.169	0.763
210.275	0.762
210.381	0.758
210.485	0.759
210.589	0.758
210.693	0.758
210.798	0.754
210.902	0.751
211.007	0.749
211.112	0.749
211.217	0.748
211.322	0.744
211.427	0.746
211.531	0.740
211.637	0.739
211.741	0.738
211.847	0.737
211.952	0.736
212.058	0.738
212.162	0.734
212.266	0.729
212.371	0.732
212.476	0.728
212.581	0.730
212.687	0.725
212.792	0.728
212.897	0.722
213.003	0.721
213.107	0.720
213.211	0.718
213.316	0.717
213.422	0.719
213.527	0.716
213.632	0.716
213.737	0.713
213.842	0.713
213.946	0.709
214.051	0.708
214.155	0.702
214.258	0.707
214.363	0.702
214.469	0.702
214.574	0.702
214.679	0.697
214.785	0.696
214.890	0.698
214.997	0.696
215.102	0.694
215.206	0.691
215.312	0.689
215.417	0.687
215.521	0.687
215.625	0.684
215.729	0.686
215.835	0.683
215.940	0.680
216.045	0.678
216.150	0.680
216.256	0.678
216.360	0.674
216.464	0.672
216.570	0.672
216.675	0.674
216.781	0.672
216.887	0.670
216.992	0.668
217.097	0.669
217.203	0.665
217.307	0.663
217.413	0.662
217.517	0.659
217.622	0.660
217.727	0.659
217.832	0.657
217.936	0.659
218.042	0.653
218.147	0.651
218.251	0.651
218.354	0.648
218.460	0.647
218.565	0.648
218.669	0.643
218.774	0.644
218.879	0.643
218.984	0.640
219.089	0.637
219.194	0.636
219.300	0.636
219.404	0.635
219.509	0.634
219.614	0.630
219.718	0.633
219.824	0.629
219.930	0.629
220.034	0.627
220.139	0.623
220.245	0.623
220.350	0.626
220.454	0.622
220.559	0.620
220.665	0.621
220.769	0.620
220.874	0.615
220.979	0.613
221.084	0.613
221.190	0.615
221.293	0.611
221.399	0.609
221.504	0.607
221.609	0.609
221.714	0.608
221.819	0.605
221.925	0.603
222.031	0.605
222.136	0.601
222.242	0.602
222.347	0.598
222.451	0.600
222.556	0.595
222.661	0.593
222.765	0.592
222.871	0.590
222.975	0.589
223.081	0.587
223.186	0.584
223.291	0.586
223.395	0.585
223.499	0.583
223.604	0.582
223.709	0.577
223.815	0.576
223.920	0.575
224.025	0.573
224.130	0.571
224.234	0.571
224.338	0.569
224.442	0.566
224.547	0.563
224.654	0.564
224.759	0.564
224.864	0.563
224.970	0.561
225.075	0.561
225.179	0.557
225.284	0.560
225.389	0.560
225.494	0.554
225.600	0.554
225.705	0.553
225.808	0.553
225.915	0.548
226.019	0.549
226.124	0.547
226.229	0.546
226.334	0.546
226.440	0.543
226.546	0.537
226.651	0.539
226.757	0.540
226.862	0.537
226.967	0.538
227.072	0.534
227.177	0.533
227.283	0.533
227.390	0.531
227.493	0.527
227.600	0.527
227.704	0.525
227.809	0.524
227.915	0.521
228.020	0.522
228.123	0.522
228.229	0.524
228.332	0.521
228.437	0.517
228.542	0.517
228.648	0.516
228.753	0.514
228.856	0.514
228.962	0.515
229.067	0.512
229.172	0.512
229.277	0.509
229.383	0.505
229.487	0.502
229.592	0.506
229.697	0.504
229.801	0.503
229.907	0.499
230.012	0.497
230.117	0.499
230.221	0.496
230.327	0.496
230.433	0.494
230.538	0.494
230.642	0.492
230.748	0.492
230.854	0.493
230.959	0.487
231.064	0.486
231.169	0.488
231.275	0.487
231.380	0.484
231.484	0.480
231.590	0.482
231.695	0.481
231.799	0.478
231.903	0.476
232.010	0.473
232.115	0.474
232.220	0.471
232.324	0.473
232.429	0.466
232.535	0.471
232.640	0.465
232.744	0.464
232.849	0.464
232.954	0.461
233.059	0.463
233.164	0.461
233.270	0.463
233.375	0.458
233.480	0.458
233.585	0.458
233.691	0.460
233.797	0.454
233.902	0.451
234.006	0.452
234.112	0.450
234.217	0.448
234.320	0.447
234.425	0.444
234.530	0.446
234.634	0.446
234.739	0.442
234.845	0.439
234.949	0.443
235.055	0.435
235.160	0.434
235.265	0.437
235.371	0.435
235.475	0.430
235.580	0.432
235.686	0.429
235.790	0.430
235.895	0.428
236.001	0.427
236.107	0.425
236.211	0.428
236.315	0.421
236.420	0.423
236.524	0.422
236.630	0.421
236.737	0.418
236.840	0.418
236.945	0.414
237.050	0.417
237.154	0.414
237.260	0.412
237.364	0.411
237.470	0.411
237.574	0.411
237.680	0.409
237.784	0.406
237.889	0.404
237.994	0.401
238.100	0.400
238.205	0.399
238.310	0.400
238.414	0.395
238.519	0.397
238.625	0.392
238.730	0.391
238.835	0.392
238.940	0.389
239.044	0.389
239.149	0.385
239.254	0.385
239.360	0.386
239.465	0.384
239.570	0.381
239.675	0.382
239.780	0.379
239.885	0.374
239.989	0.374
240.094	0.374
240.199	0.375
240.304	0.374
240.410	0.373
240.515	0.375
240.621	0.367
240.724	0.370
240.830	0.367
240.933	0.368
241.039	0.362
241.143	0.363
241.248	0.359
241.353	0.360
241.457	0.360
241.561	0.358
241.667	0.357
241.772	0.354
241.877	0.351
241.982	0.350
242.087	0.348
242.192	0.347
242.297	0.345
242.401	0.345
242.507	0.343
242.612	0.344
242.716	0.339
242.820	0.337
242.925	0.337
243.031	0.332
243.136	0.332
243.241	0.336
243.346	0.331
243.451	0.330
243.555	0.328
243.660	0.327
243.765	0.325
243.871	0.326
243.976	0.322
244.083	0.321
244.188	0.318
244.293	0.318
244.398	0.315
244.504	0.312
244.610	0.313
244.714	0.311
244.820	0.310
244.923	0.308
245.029	0.306
245.135	0.302
245.239	0.303
245.344	0.301
245.449	0.300
245.553	0.299
245.660	0.297
245.765	0.298
245.872	0.293
245.978	0.294
246.082	0.289
246.187	0.286
246.292	0.286
246.397	0.285
246.503	0.285
246.607	0.283
246.712	0.278
246.817	0.282
246.923	0.279
247.027	0.275
247.132	0.274
247.237	0.274
247.343	0.272
247.447	0.272
247.553	0.267
247.658	0.268
247.762	0.262
247.867	0.262
247.971	0.260
248.075	0.260
248.180	0.258
248.284	0.260
248.389	0.257
248.495	0.251
248.600	0.255
248.704	0.252
248.808	0.248
248.914	0.246
249.018	0.246
249.122	0.246
249.227	0.243
249.332	0.243
249.438	0.239
249.542	0.237
249.647	0.235
249.752	0.237
249.857	0.234
249.962	0.232
250.067	0.229
250.172	0.229
250.277	0.223
250.383	0.223
250.487	0.226
250.592	0.223
250.698	0.221
250.802	0.219
250.908	0.218
251.013	0.216
251.117	0.214
251.221	0.211
251.326	0.207
251.430	0.208
251.535	0.205
251.640	0.206
251.745	0.203
251.848	0.203
251.954	0.203
252.059	0.200
252.163	0.199
252.268	0.193
252.372	0.195
252.478	0.188
252.583	0.190
252.687	0.187
252.793	0.186
252.897	0.185
253.003	0.185
253.108	0.181
253.213	0.185
253.317	0.182
253.422	0.180
253.528	0.178
253.632	0.179
253.738	0.175
253.842	0.168
253.947	0.171
254.052	0.171
254.157	0.165
254.262	0.165
254.368	0.165
254.473	0.162
254.578	0.162
254.683	0.158
254.787	0.154
254.893	0.155
254.998	0.156
255.103	0.153
255.209	0.152
255.313	0.149
255.418	0.148
255.523	0.147
255.629	0.146
255.734	0.146
255.840	0.145
255.943	0.143
256.050	0.140
256.155	0.142
256.260	0.136
256.365	0.139
256.470	0.135
256.574	0.134
256.679	0.131
256.784	0.131
256.888	0.130
256.993	0.134
257.097	0.131
257.202	0.128
257.308	0.128
257.412	0.123
257.517	0.123
257.622	0.126
257.726	0.123
257.831	0.122
257.937	0.120
258.042	0.121
258.147	0.116
258.251	0.120
258.355	0.120
258.460	0.116
258.565	0.113
258.670	0.113
258.775	0.115
258.880	0.113
258.985	0.113
259.090	0.113
259.195	0.112
259.301	0.109
259.406	0.109
259.512	0.108
259.618	0.109
259.722	0.107
259.827	0.107
259.932	0.105
260.036	0.103
260.140	0.102
260.245	0.101
260.350	0.101
260.453	0.103
260.560	0.104
260.665	0.102
260.770	0.100
260.875	0.098
260.980	0.098
261.086	0.101
261.191	0.099
261.296	0.098
261.402	0.097
261.507	0.093
261.613	0.098
261.718	0.090
261.823	0.093
261.929	0.092
262.035	0.094
262.140	0.088
262.246	0.092
262.350	0.094
262.455	0.091
262.560	0.090
262.665	0.089
262.770	0.089
262.874	0.086
262.979	0.086
263.085	0.088
263.190	0.088
263.295	0.086
263.400	0.085
263.505	0.087
263.609	0.087
263.713	0.085
263.819	0.083
263.925	0.085
264.029	0.083
264.134	0.080
264.240	0.084
264.345	0.081
264.450	0.081
264.554	0.079
264.659	0.081
264.765	0.079
264.870	0.080
264.975	0.077
265.079	0.080
265.185	0.079
265.290	0.078
265.395	0.078
265.499	0.078
265.605	0.074
265.708	0.076
265.812	0.075
265.917	0.075
266.021	0.077
266.125	0.073
266.229	0.075
266.333	0.074
266.438	0.075
266.543	0.075
266.648	0.069
266.753	0.073
266.857	0.072
266.963	0.069
267.068	0.069
267.175	0.071
267.279	0.070
267.384	0.069
267.490	0.074
267.595	0.068
267.700	0.070
267.805	0.068
267.910	0.068
268.014	0.069
268.120	0.069
268.225	0.067
268.331	0.067
268.436	0.067
268.541	0.068
268.646	0.067
268.752	0.067
268.857	0.066
268.963	0.065
269.067	0.062
269.171	0.065
269.277	0.065
269.381	0.065
269.485	0.065
269.590	0.065
269.694	0.065
269.798	0.065
269.902	0.062
270.007	0.059
270.111	0.064
270.217	0.061
270.323	0.062
270.429	0.063
270.534	0.063
270.640	0.060
270.746	0.064
270.850	0.060
270.955	0.063
271.060	0.059
271.166	0.058
271.269	0.061
271.375	0.056
271.479	0.060
271.584	0.059
271.689	0.059
271.794	0.062
271.900	0.057
272.005	0.059
272.111	0.056
272.215	0.060
272.321	0.056
272.426	0.054
272.529	0.056
272.635	0.057
272.740	0.054
272.845	0.057
272.949	0.057
273.055	0.056
273.160	0.056
273.264	0.058
273.370	0.057
273.475	0.058
273.579	0.057
273.684	0.057
273.790	0.056
273.894	0.057
274.000	0.056
274.105	0.058
274.210	0.053
274.314	0.054
274.420	0.053
274.525	0.053
274.630	0.055
274.734	0.057
274.840	0.056
