96.346	6.067
96.454	6.063
96.560	6.068
96.665	6.067
96.769	6.068
96.876	6.066
96.980	6.065
97.086	6.061
97.193	6.065
97.298	6.063
97.403	6.056
97.506	6.060
97.613	6.057
97.717	6.058
97.822	6.056
97.928	6.045
98.032	6.046
98.137	6.049
98.244	6.045
98.350	6.040
98.455	6.031
98.560	6.036
98.665	6.036
98.770	6.034
98.876	6.030
98.980	6.026
99.085	6.027
99.191	6.027
99.296	6.023
99.400	6.019
99.505	6.016
99.610	6.018
99.716	6.017
99.820	6.015
99.926	6.007
100.031	6.007
100.136	6.010
100.240	6.006
100.346	6.005
100.450	6.002
100.555	5.995
100.661	5.998
100.766	5.997
100.872	5.994
100.977	5.987
101.083	5.990
101.188	5.989
101.294	5.989
101.399	5.986
101.505	5.980
101.610	5.977
101.717	5.981
101.823	5.977
101.928	5.979
102.032	5.968
102.136	5.970
102.241	5.969
102.348	5.970
102.453	5.964
102.557	5.962
102.663	5.964
102.768	5.959
102.873	5.960
102.978	5.957
103.082	5.955
103.186	5.952
103.292	5.952
103.397	5.951
103.502	5.947
103.607	5.944
103.713	5.946
103.817	5.945
103.922	5.941
104.027	5.937
104.132	5.936
104.237	5.941
104.342	5.935
104.448	5.929
104.553	5.931
104.657	5.925
104.763	5.926
104.867	5.924
104.973	5.921
105.077	5.919
105.182	5.917
105.286	5.916
105.393	5.915
105.496	5.909
105.602	5.903
105.706	5.902
105.813	5.903
105.917	5.902
106.023	5.901
106.128	5.896
106.233	5.895
106.337	5.900
106.443	5.892
106.548	5.889
106.653	5.886
106.758	5.884
106.863	5.884
106.968	5.885
107.074	5.878
107.178	5.877
107.283	5.875
107.388	5.877
107.492	5.872
107.598	5.868
107.703	5.864
107.808	5.866
107.913	5.866
108.019	5.860
108.123	5.858
108.228	5.855
108.333	5.857
108.438	5.853
108.543	5.850
108.647	5.851
108.753	5.845
108.858	5.844
108.964	5.845
109.069	5.843
109.176	5.842
109.281	5.840
109.385	5.842
109.490	5.837
109.596	5.837
109.700	5.832
109.805	5.831
109.910	5.831
110.015	5.827
110.120	5.825
110.225	5.824
110.331	5.818
110.435	5.821
110.540	5.814
110.646	5.816
110.750	5.813
110.855	5.810
110.960	5.811
111.064	5.805
111.168	5.802
111.272	5.802
111.378	5.801
111.482	5.802
111.588	5.800
111.692	5.792
111.798	5.794
111.902	5.792
112.007	5.792
112.111	5.789
112.217	5.786
112.323	5.785
112.426	5.785
112.533	5.781
112.638	5.778
112.743	5.776
112.848	5.776
112.953	5.775
113.058	5.771
113.163	5.768
113.267	5.770
113.372	5.768
113.478	5.765
113.583	5.764
113.688	5.759
113.792	5.755
113.898	5.755
114.003	5.756
114.109	5.753
114.214	5.752
114.320	5.749
114.425	5.749
114.530	5.748
114.635	5.739
114.740	5.745
114.844	5.735
114.950	5.735
115.054	5.735
115.159	5.731
115.262	5.731
115.368	5.729
115.473	5.727
115.577	5.724
115.683	5.723
115.788	5.717
115.893	5.721
115.997	5.716
116.102	5.717
116.207	5.714
116.312	5.708
116.417	5.711
116.521	5.707
116.625	5.706
116.730	5.700
116.834	5.702
116.939	5.699
117.043	5.697
117.148	5.694
117.252	5.692
117.356	5.689
117.461	5.687
117.568	5.690
117.673	5.686
117.778	5.685
117.883	5.680
117.988	5.679
118.094	5.681
118.199	5.676
118.303	5.674
118.408	5.672
118.513	5.673
118.618	5.669
118.723	5.670
118.828	5.667
118.933	5.663
119.038	5.659
119.142	5.663
119.248	5.660
119.351	5.659
119.458	5.654
119.562	5.653
119.668	5.652
119.773	5.652
119.878	5.650
119.983	5.647
120.088	5.645
120.192	5.641
120.296	5.642
120.402	5.637
120.508	5.636
120.613	5.636
120.718	5.635
120.824	5.633
120.930	5.631
121.036	5.628
121.141	5.629
121.244	5.625
121.349	5.622
121.454	5.621
121.558	5.619
121.663	5.618
121.768	5.612
121.872	5.614
121.976	5.610
122.081	5.607
122.188	5.607
122.292	5.604
122.396	5.600
122.501	5.601
122.606	5.602
122.711	5.596
122.816	5.596
122.921	5.594
123.026	5.591
123.130	5.590
123.236	5.586
123.341	5.584
123.446	5.583
123.551	5.579
123.655	5.578
123.760	5.578
123.865	5.574
123.969	5.574
124.074	5.573
124.180	5.569
124.285	5.569
124.390	5.565
124.495	5.563
124.601	5.563
124.705	5.560
124.811	5.556
124.916	5.556
125.020	5.555
125.125	5.552
125.231	5.553
125.336	5.550
125.441	5.549
125.546	5.546
125.650	5.546
125.755	5.543
125.860	5.544
125.966	5.542
126.071	5.535
126.175	5.534
126.280	5.534
126.384	5.531
126.489	5.527
126.593	5.529
126.698	5.524
126.802	5.522
126.908	5.519
127.013	5.522
127.118	5.517
127.223	5.517
127.328	5.513
127.433	5.512
127.538	5.509
127.643	5.508
127.747	5.505
127.853	5.504
127.957	5.503
128.063	5.497
128.168	5.496
128.273	5.496
128.378	5.494
128.483	5.493
128.589	5.488
128.693	5.487
128.798	5.486
128.903	5.482
129.007	5.480
129.113	5.478
129.217	5.477
129.323	5.475
129.428	5.474
129.532	5.475
129.638	5.468
129.743	5.467
129.847	5.470
129.952	5.466
130.057	5.460
130.160	5.459
130.265	5.460
130.371	5.455
130.476	5.455
130.581	5.454
130.685	5.451
130.789	5.449
130.894	5.448
130.999	5.448
131.103	5.444
131.207	5.443
131.311	5.441
131.416	5.439
131.521	5.439
131.626	5.435
131.731	5.433
131.836	5.430
131.940	5.431
132.046	5.430
132.150	5.429
132.255	5.427
132.362	5.424
132.467	5.423
132.571	5.421
132.675	5.416
132.781	5.416
132.886	5.414
132.990	5.413
133.095	5.410
133.200	5.411
133.306	5.405
133.411	5.406
133.516	5.403
133.620	5.402
133.725	5.397
133.830	5.398
133.936	5.395
134.041	5.397
134.145	5.391
134.251	5.387
134.355	5.385
134.460	5.387
134.566	5.383
134.670	5.379
134.774	5.379
134.879	5.378
134.982	5.374
135.086	5.371
135.191	5.370
135.295	5.370
135.401	5.367
135.505	5.367
135.611	5.359
135.716	5.363
135.823	5.358
135.928	5.359
136.033	5.357
136.138	5.352
136.242	5.353
136.348	5.351
136.453	5.347
136.558	5.343
136.663	5.345
136.769	5.339
136.874	5.342
136.979	5.337
137.083	5.335
137.188	5.331
137.292	5.331
137.397	5.330
137.503	5.331
137.608	5.329
137.713	5.325
137.818	5.322
137.923	5.320
138.028	5.321
138.132	5.319
138.238	5.315
138.343	5.314
138.448	5.313
138.553	5.309
138.658	5.307
138.764	5.310
138.868	5.304
138.973	5.301
139.078	5.300
139.183	5.300
139.288	5.295
139.393	5.296
139.498	5.295
139.603	5.294
139.708	5.291
139.812	5.286
139.917	5.289
140.022	5.284
140.128	5.282
140.233	5.280
140.337	5.281
140.442	5.277
140.548	5.273
140.652	5.275
140.757	5.270
140.861	5.271
140.966	5.270
141.071	5.267
141.175	5.264
141.280	5.262
141.386	5.260
141.491	5.260
141.596	5.257
141.700	5.256
141.806	5.256
141.911	5.251
142.015	5.251
142.120	5.248
142.225	5.245
142.331	5.244
142.436	5.237
142.542	5.241
142.647	5.238
142.753	5.237
142.857	5.237
142.963	5.233
143.066	5.232
143.173	5.230
143.277	5.227
143.382	5.226
143.487	5.225
143.593	5.223
143.698	5.222
143.802	5.221
143.906	5.216
144.011	5.217
144.116	5.212
144.221	5.213
144.326	5.210
144.433	5.206
144.538	5.206
144.643	5.204
144.748	5.199
144.853	5.198
144.958	5.198
145.063	5.195
145.168	5.193
145.273	5.194
145.378	5.188
145.483	5.189
145.587	5.185
145.693	5.183
145.798	5.183
145.903	5.181
146.008	5.178
146.112	5.176
146.217	5.176
146.323	5.173
146.427	5.173
146.531	5.168
146.635	5.167
146.740	5.164
146.845	5.167
146.950	5.164
147.054	5.159
147.159	5.158
147.265	5.156
147.369	5.156
147.475	5.156
147.580	5.151
147.685	5.149
147.790	5.147
147.894	5.146
148.000	5.143
148.104	5.144
148.210	5.142
148.315	5.136
148.420	5.137
148.525	5.138
148.629	5.133
148.734	5.131
148.838	5.131
148.943	5.131
149.048	5.126
149.153	5.124
149.258	5.121
149.363	5.121
149.467	5.119
149.573	5.116
149.678	5.116
149.783	5.112
149.888	5.113
149.993	5.108
150.098	5.108
150.203	5.106
150.308	5.107
150.413	5.101
150.517	5.104
150.623	5.100
150.728	5.099
150.832	5.095
150.937	5.098
151.041	5.090
151.146	5.088
151.250	5.089
151.356	5.089
151.461	5.088
151.566	5.084
151.671	5.082
151.776	5.080
151.883	5.079
151.988	5.077
152.093	5.075
152.198	5.073
152.303	5.071
152.409	5.069
152.514	5.067
152.619	5.066
152.723	5.061
152.828	5.062
152.933	5.062
153.039	5.056
153.143	5.057
153.248	5.053
153.352	5.050
153.457	5.052
153.563	5.049
153.669	5.047
153.773	5.046
153.878	5.041
153.984	5.039
154.089	5.042
154.194	5.038
154.299	5.037
154.403	5.032
154.508	5.032
154.613	5.028
154.716	5.027
154.821	5.026
154.926	5.021
155.031	5.026
155.136	5.020
155.240	5.020
155.345	5.015
155.450	5.014
155.556	5.013
155.661	5.010
155.765	5.006
155.871	5.002
155.975	5.007
156.080	5.003
156.184	5.003
156.289	5.000
156.394	4.998
156.499	4.998
156.604	4.997
156.710	4.995
156.815	4.994
156.920	4.987
157.026	4.986
157.130	4.991
157.235	4.981
157.339	4.984
157.444	4.979
157.550	4.978
157.654	4.978
157.759	4.976
157.864	4.974
157.969	4.972
158.074	4.970
158.178	4.970
158.283	4.968
158.386	4.965
158.491	4.962
158.596	4.964
158.701	4.960
158.806	4.956
158.912	4.956
159.017	4.954
159.121	4.953
159.227	4.950
159.333	4.949
159.439	4.948
159.543	4.946
159.648	4.945
159.752	4.940
159.858	4.941
159.963	4.941
160.068	4.938
160.172	4.935
160.278	4.934
160.383	4.930
160.488	4.929
160.594	4.927
160.699	4.925
160.805	4.925
160.910	4.923
161.015	4.920
161.120	4.919
161.225	4.914
161.330	4.915
161.434	4.913
161.538	4.912
161.642	4.911
161.748	4.908
161.853	4.904
161.958	4.905
162.063	4.904
162.168	4.902
162.273	4.896
162.378	4.894
162.483	4.895
162.588	4.894
162.693	4.890
162.799	4.890
162.904	4.886
163.009	4.887
163.114	4.883
163.220	4.880
163.326	4.884
163.430	4.877
163.534	4.878
163.640	4.876
163.745	4.874
163.851	4.870
163.956	4.868
164.061	4.869
164.167	4.869
164.272	4.864
164.377	4.863
164.483	4.861
164.587	4.862
164.692	4.856
164.796	4.854
164.901	4.851
165.006	4.851
165.110	4.851
165.215	4.848
165.320	4.847
165.426	4.846
165.531	4.845
165.636	4.843
165.741	4.841
165.846	4.836
165.951	4.836
166.057	4.835
166.161	4.830
166.266	4.827
166.372	4.829
166.475	4.828
166.581	4.828
166.686	4.820
166.792	4.821
166.898	4.823
167.003	4.818
167.108	4.816
167.213	4.818
167.317	4.815
167.422	4.812
167.527	4.809
167.633	4.809
167.737	4.804
167.842	4.805
167.947	4.801
168.051	4.800
168.156	4.796
168.261	4.800
168.365	4.794
168.470	4.793
168.575	4.792
168.680	4.791
168.786	4.788
168.891	4.788
168.994	4.786
169.099	4.788
169.203	4.784
169.308	4.781
169.412	4.777
169.518	4.778
169.622	4.776
169.728	4.773
169.833	4.772
169.938	4.770
170.043	4.767
170.148	4.766
170.253	4.765
170.358	4.761
170.464	4.763
170.568	4.756
170.673	4.760
170.779	4.756
170.884	4.755
170.988	4.755
171.094	4.754
171.197	4.752
171.303	4.743
171.408	4.747
171.512	4.745
171.618	4.742
171.723	4.742
171.829	4.737
171.934	4.738
172.039	4.736
172.145	4.734
172.251	4.731
172.356	4.725
172.460	4.727
172.566	4.725
172.671	4.725
172.775	4.723
172.880	4.721
172.985	4.720
173.091	4.720
173.195	4.714
173.299	4.714
173.403	4.708
173.508	4.710
173.613	4.708
173.720	4.703
173.825	4.703
173.930	4.701
174.035	4.698
174.139	4.697
174.243	4.698
174.349	4.693
174.453	4.695
174.559	4.691
174.664	4.690
174.768	4.688
174.872	4.685
174.977	4.690
175.083	4.684
175.188	4.679
175.294	4.680
175.398	4.677
175.503	4.672
175.608	4.673
175.713	4.676
175.818	4.670
175.923	4.668
176.028	4.667
176.134	4.666
176.239	4.665
176.345	4.662
176.450	4.659
176.555	4.657
176.659	4.656
176.763	4.655
176.870	4.649
176.976	4.651
177.081	4.651
177.185	4.649
177.291	4.645
177.395	4.644
177.500	4.644
177.606	4.645
177.712	4.639
177.816	4.634
177.921	4.634
178.026	4.635
178.130	4.631
178.234	4.632
178.339	4.632
178.443	4.626
178.547	4.627
178.653	4.623
178.758	4.620
178.862	4.621
178.969	4.620
179.073	4.617
179.178	4.613
179.283	4.613
179.388	4.608
179.494	4.609
179.598	4.608
179.703	4.606
179.808	4.605
179.914	4.601
180.018	4.601
180.123	4.599
180.228	4.598
180.333	4.595
180.438	4.593
180.542	4.591
180.648	4.593
180.752	4.590
180.858	4.586
180.963	4.585
181.068	4.582
181.173	4.582
181.280	4.581
181.384	4.577
181.488	4.577
181.593	4.575
181.697	4.575
181.801	4.572
181.906	4.570
182.010	4.568
182.114	4.564
182.218	4.567
182.323	4.562
182.429	4.558
182.533	4.557
182.638	4.554
182.743	4.552
182.847	4.557
182.952	4.549
183.058	4.549
183.163	4.545
183.268	4.544
183.373	4.546
183.477	4.542
183.583	4.539
183.688	4.536
183.793	4.537
183.898	4.534
184.003	4.535
184.109	4.533
184.213	4.531
184.317	4.528
184.422	4.527
184.528	4.526
184.633	4.520
184.738	4.522
184.843	4.522
184.948	4.517
185.053	4.516
185.158	4.513
185.263	4.511
185.368	4.511
185.473	4.509
185.577	4.506
185.683	4.506
185.788	4.502
185.893	4.501
185.998	4.497
186.102	4.500
186.206	4.496
186.313	4.496
186.418	4.494
186.522	4.492
186.628	4.493
186.733	4.487
186.838	4.485
186.944	4.486
187.048	4.484
187.153	4.482
187.257	4.481
187.361	4.475
187.466	4.478
187.570	4.475
187.675	4.474
187.781	4.471
187.886	4.467
187.991	4.469
188.096	4.466
188.201	4.465
188.307	4.463
188.412	4.460
188.517	4.461
188.621	4.460
188.727	4.457
188.831	4.455
188.937	4.454
189.041	4.449
189.145	4.448
189.250	4.449
189.354	4.446
189.460	4.443
189.566	4.441
189.671	4.440
189.776	4.436
189.882	4.434
189.987	4.434
190.091	4.434
190.196	4.431
190.302	4.429
190.407	4.427
190.513	4.426
190.618	4.428
190.722	4.421
190.827	4.419
190.931	4.417
191.035	4.416
191.140	4.416
191.245	4.413
191.350	4.410
191.456	4.409
191.561	4.409
191.667	4.406
191.773	4.405
191.878	4.401
191.983	4.399
192.087	4.397
192.192	4.396
192.296	4.397
192.400	4.395
192.505	4.395
192.610	4.389
192.716	4.388
192.821	4.387
192.926	4.385
193.030	4.383
193.135	4.380
193.241	4.379
193.345	4.379
193.449	4.376
193.554	4.373
193.659	4.375
193.764	4.372
193.868	4.369
193.972	4.367
194.078	4.366
194.183	4.367
194.288	4.364
194.392	4.365
194.498	4.356
194.602	4.357
194.709	4.359
194.814	4.354
194.918	4.353
195.024	4.350
195.128	4.348
195.233	4.347
195.338	4.345
195.443	4.342
195.547	4.344
195.652	4.340
195.758	4.342
195.863	4.341
195.968	4.334
196.073	4.335
196.179	4.329
196.283	4.331
196.387	4.326
196.491	4.327
196.597	4.324
196.702	4.321
196.808	4.318
196.912	4.318
197.017	4.319
197.121	4.312
197.227	4.313
197.331	4.312
197.436	4.308
197.542	4.308
197.648	4.308
197.753	4.304
197.857	4.300
197.962	4.301
198.067	4.297
198.171	4.295
198.276	4.296
198.380	4.292
198.484	4.291
198.589	4.292
198.694	4.289
198.800	4.287
198.906	4.289
199.010	4.281
199.116	4.286
199.221	4.283
199.327	4.280
199.432	4.276
199.536	4.275
199.641	4.275
199.745	4.272
199.849	4.273
199.955	4.271
200.060	4.268
200.166	4.267
200.270	4.263
200.376	4.262
200.481	4.260
200.585	4.259
200.690	4.256
200.796	4.257
200.901	4.255
201.005	4.252
201.111	4.252
201.216	4.250
201.321	4.246
201.425	4.244
201.531	4.246
201.635	4.245
201.740	4.243
201.846	4.242
201.952	4.238
202.057	4.238
202.161	4.234
202.266	4.233
202.371	4.231
202.477	4.229
202.583	4.229
202.687	4.224
202.793	4.223
202.898	4.222
203.002	4.220
203.107	4.218
203.213	4.215
203.316	4.215
203.423	4.215
203.528	4.209
203.633	4.209
203.738	4.206
203.843	4.204
203.948	4.207
204.053	4.199
204.158	4.201
204.263	4.199
204.369	4.196
204.475	4.194
204.581	4.193
204.685	4.193
204.791	4.189
204.895	4.188
205.000	4.189
205.105	4.183
205.210	4.180
205.315	4.183
205.419	4.179
205.523	4.175
205.627	4.174
205.732	4.174
205.838	4.176
205.943	4.169
206.049	4.169
206.153	4.169
206.258	4.168
206.363	4.165
206.468	4.162
206.573	4.159
206.676	4.157
206.781	4.157
206.885	4.156
206.989	4.151
207.095	4.148
207.200	4.151
207.305	4.149
207.409	4.145
207.514	4.143
207.619	4.143
207.724	4.142
207.828	4.142
207.933	4.141
208.037	4.135
208.143	4.136
208.248	4.135
208.353	4.132
208.458	4.128
208.563	4.128
208.668	4.129
208.772	4.126
208.877	4.125
208.983	4.121
209.088	4.118
209.192	4.117
209.298	4.118
209.404	4.114
209.509	4.115
209.614	4.113
209.719	4.107
209.823	4.109
209.928	4.104
210.033	4.105
210.138	4.101
210.243	4.099
210.347	4.099
210.451	4.098
210.556	4.096
210.662	4.093
210.767	4.093
210.871	4.090
210.977	4.090
211.083	4.087
211.188	4.089
211.294	4.086
211.400	4.081
211.506	4.081
211.610	4.080
211.717	4.076
211.823	4.076
211.929	4.074
212.033	4.071
212.138	4.071
212.243	4.068
212.348	4.065
212.453	4.064
212.559	4.066
212.664	4.063
212.769	4.060
212.874	4.061
212.979	4.059
213.083	4.057
213.188	4.055
213.293	4.052
213.398	4.049
213.503	4.050
213.609	4.047
213.714	4.048
213.819	4.042
213.924	4.040
214.029	4.040
214.135	4.037
214.240	4.037
214.345	4.033
214.450	4.034
214.556	4.032
214.660	4.029
214.765	4.029
214.869	4.028
214.973	4.027
215.078	4.024
215.183	4.021
215.288	4.017
215.391	4.016
215.496	4.014
215.600	4.015
215.706	4.011
215.810	4.011
215.916	4.011
216.021	4.007
216.126	4.005
216.233	4.005
216.337	4.005
216.441	4.002
216.546	3.999
216.650	3.999
216.756	3.995
216.860	3.994
216.965	3.991
217.070	3.991
217.176	3.987
217.281	3.987
217.386	3.986
217.491	3.983
217.596	3.983
217.701	3.981
217.806	3.978
217.911	3.978
218.016	3.975
218.122	3.970
218.226	3.972
218.330	3.972
218.436	3.965
218.542	3.967
218.646	3.963
218.750	3.964
218.855	3.960
218.961	3.960
219.065	3.956
219.169	3.954
219.275	3.955
219.380	3.953
219.484	3.952
219.589	3.949
219.694	3.946
219.797	3.946
219.902	3.946
220.007	3.944
220.111	3.941
220.216	3.939
220.321	3.940
220.425	3.935
220.531	3.932
220.637	3.930
220.741	3.930
220.845	3.928
220.949	3.926
221.053	3.925
221.159	3.925
221.263	3.921
221.368	3.918
221.472	3.921
221.577	3.918
221.681	3.912
221.786	3.916
221.890	3.914
221.996	3.909
222.101	3.909
222.206	3.908
222.311	3.903
222.416	3.899
222.520	3.900
222.625	3.900
222.730	3.897
222.835	3.898
222.941	3.893
223.046	3.893
223.150	3.892
223.256	3.889
223.361	3.888
223.466	3.889
223.571	3.885
223.676	3.880
223.780	3.880
223.886	3.879
223.990	3.881
224.096	3.876
224.201	3.875
224.306	3.873
224.410	3.871
224.516	3.868
224.621	3.868
224.726	3.865
224.830	3.864
224.937	3.861
225.043	3.860
225.148	3.860
225.253	3.858
225.358	3.855
225.463	3.853
225.567	3.851
225.671	3.847
225.777	3.849
225.881	3.845
225.986	3.843
226.091	3.841
226.196	3.839
226.302	3.841
226.407	3.836
226.512	3.835
226.617	3.831
226.721	3.835
226.827	3.830
226.931	3.826
227.035	3.827
227.141	3.823
227.246	3.826
227.351	3.821
227.455	3.819
227.559	3.819
227.664	3.815
227.769	3.816
227.874	3.812
227.979	3.814
228.086	3.810
228.192	3.806
228.296	3.808
228.401	3.805
228.506	3.802
228.610	3.804
228.716	3.801
228.821	3.797
228.926	3.797
229.030	3.794
229.136	3.789
229.241	3.793
229.346	3.787
229.452	3.787
229.556	3.784
229.661	3.786
229.765	3.784
229.869	3.776
229.975	3.780
230.081	3.777
230.186	3.776
230.291	3.774
230.396	3.773
230.501	3.771
230.606	3.768
230.711	3.767
230.817	3.764
230.923	3.763
231.027	3.761
231.133	3.760
231.239	3.757
231.343	3.760
231.448	3.753
231.553	3.754
231.658	3.753
231.763	3.749
231.868	3.747
231.973	3.748
232.077	3.745
232.183	3.746
232.287	3.741
232.393	3.740
232.498	3.742
232.602	3.737
232.707	3.735
232.811	3.733
232.916	3.735
233.021	3.731
233.127	3.725
233.231	3.724
233.336	3.727
233.440	3.723
233.544	3.724
233.649	3.718
233.755	3.722
233.859	3.715
233.965	3.713
234.069	3.712
234.174	3.713
234.277	3.710
234.382	3.710
234.486	3.707
234.592	3.704
234.697	3.703
234.801	3.702
234.906	3.699
235.010	3.698
235.114	3.695
235.219	3.693
235.323	3.692
235.428	3.690
235.533	3.687
235.638	3.687
235.743	3.684
235.848	3.685
235.953	3.679
236.059	3.678
236.163	3.677
236.268	3.676
236.373	3.674
236.477	3.673
236.582	3.671
236.687	3.669
236.792	3.668
236.897	3.666
237.002	3.664
237.107	3.666
237.213	3.663
237.317	3.659
237.422	3.659
237.527	3.656
237.633	3.653
237.738	3.652
237.843	3.654
237.947	3.648
238.053	3.645
238.158	3.646
238.263	3.644
238.368	3.642
238.473	3.638
238.578	3.639
238.683	3.634
238.787	3.635
238.893	3.635
238.998	3.633
239.103	3.630
239.208	3.627
239.312	3.625
239.419	3.625
239.523	3.622
239.628	3.622
239.732	3.620
239.837	3.619
239.943	3.614
240.047	3.615
240.153	3.615
240.258	3.612
240.362	3.612
240.467	3.608
240.573	3.608
240.678	3.605
240.783	3.604
240.888	3.604
240.992	3.600
241.096	3.598
241.201	3.601
241.306	3.594
241.410	3.595
241.516	3.593
241.621	3.592
241.726	3.589
241.831	3.588
241.936	3.585
242.040	3.583
242.146	3.583
242.250	3.582
242.354	3.581
242.459	3.574
242.564	3.575
242.668	3.574
242.773	3.570
242.877	3.569
242.984	3.566
243.089	3.567
243.193	3.564
243.298	3.562
243.402	3.562
243.509	3.560
243.613	3.559
243.717	3.556
243.822	3.556
243.927	3.555
244.033	3.552
244.138	3.548
244.243	3.548
244.348	3.545
244.453	3.548
244.558	3.541
244.663	3.543
244.767	3.540
244.873	3.540
244.978	3.533
245.083	3.529
245.188	3.532
245.293	3.529
245.397	3.529
245.503	3.527
245.609	3.529
245.715	3.525
245.820	3.522
245.924	3.522
246.029	3.516
246.134	3.519
246.238	3.515
246.343	3.514
246.447	3.513
246.553	3.509
246.659	3.510
246.765	3.507
246.870	3.506
246.974	3.503
247.079	3.500
247.183	3.502
247.288	3.496
247.393	3.496
247.498	3.496
247.603	3.495
247.707	3.491
247.812	3.490
247.917	3.492
248.023	3.488
248.128	3.484
248.233	3.487
248.338	3.483
248.442	3.484
248.546	3.477
248.651	3.478
248.755	3.477
248.860	3.480
248.966	3.472
249.072	3.473
249.177	3.470
249.283	3.469
249.387	3.464
249.493	3.464
249.597	3.463
249.703	3.460
249.808	3.460
249.913	3.459
250.018	3.458
250.123	3.456
250.228	3.453
250.333	3.448
250.437	3.452
250.542	3.445
250.647	3.446
250.751	3.443
250.856	3.441
250.961	3.441
251.068	3.437
251.172	3.436
251.277	3.435
251.383	3.434
251.488	3.432
251.593	3.432
251.699	3.428
251.805	3.428
251.909	3.424
252.016	3.424
252.121	3.421
252.225	3.424
252.330	3.417
252.435	3.419
252.538	3.417
252.644	3.412
252.750	3.409
252.856	3.410
252.960	3.409
253.065	3.408
253.171	3.404
253.276	3.405
253.380	3.404
253.486	3.400
253.591	3.399
253.697	3.398
253.801	3.396
253.905	3.392
254.011	3.390
254.116	3.389
254.221	3.386
254.326	3.389
254.431	3.382
254.536	3.382
254.641	3.382
254.746	3.379
254.851	3.375
254.955	3.376
255.061	3.376
255.165	3.374
255.270	3.368
255.374	3.372
255.478	3.368
255.583	3.365
255.687	3.363
255.793	3.365
255.897	3.362
256.003	3.359
256.108	3.358
256.213	3.356
256.317	3.357
256.422	3.353
256.527	3.351
256.631	3.346
256.736	3.346
256.841	3.346
256.946	3.345
257.051	3.342
257.156	3.343
257.262	3.342
257.367	3.338
257.471	3.335
257.576	3.336
257.680	3.332
257.786	3.329
257.891	3.330
257.995	3.328
258.101	3.324
258.205	3.324
258.310	3.326
258.414	3.322
258.518	3.322
258.623	3.318
258.728	3.316
258.833	3.314
258.938	3.314
259.043	3.308
259.148	3.311
259.253	3.310
259.358	3.306
259.463	3.303
259.568	3.302
259.673	3.299
259.778	3.299
259.884	3.299
259.989	3.298
260.093	3.293
260.197	3.293
260.301	3.292
260.406	3.290
260.511	3.289
260.616	3.286
260.721	3.284
260.826	3.282
260.932	3.281
261.037	3.278
261.142	3.278
261.247	3.274
261.353	3.276
261.457	3.272
261.563	3.269
261.668	3.268
261.773	3.266
261.878	3.266
261.984	3.262
262.088	3.262
262.193	3.261
262.298	3.263
262.402	3.259
262.507	3.256
262.611	3.254
262.716	3.252
262.821	3.250
262.926	3.249
263.031	3.246
263.137	3.245
263.242	3.245
263.347	3.242
263.453	3.241
263.558	3.240
263.664	3.237
263.769	3.233
263.874	3.233
263.978	3.236
264.083	3.231
264.188	3.228
264.293	3.229
264.397	3.227
264.503	3.226
264.607	3.224
264.713	3.222
264.817	3.217
264.923	3.216
265.030	3.219
265.135	3.214
265.240	3.212
265.343	3.212
265.449	3.211
265.555	3.206
265.661	3.205
265.766	3.207
265.871	3.203
265.975	3.204
266.079	3.201
266.183	3.197
266.289	3.198
266.393	3.194
266.498	3.194
266.603	3.192
266.707	3.188
266.812	3.185
266.918	3.188
267.023	3.187
267.127	3.182
267.233	3.182
267.339	3.181
267.443	3.180
267.547	3.179
267.653	3.174
267.758	3.172
267.864	3.170
267.968	3.171
268.072	3.164
268.177	3.166
268.283	3.164
268.388	3.164
268.494	3.159
268.599	3.157
268.705	3.160
268.811	3.157
268.915	3.152
269.022	3.153
269.126	3.153
269.231	3.149
269.336	3.146
269.441	3.143
269.546	3.144
269.651	3.143
269.757	3.141
269.861	3.138
269.967	3.139
270.073	3.137
270.178	3.135
270.283	3.134
270.389	3.133
270.495	3.131
270.599	3.127
270.705	3.127
270.809	3.124
270.915	3.123
271.019	3.121
271.124	3.118
271.228	3.118
271.333	3.115
271.438	3.113
271.543	3.113
271.647	3.113
271.752	3.110
271.857	3.104
271.961	3.106
272.066	3.105
272.172	3.103
272.276	3.101
272.381	3.100
272.486	3.097
272.591	3.093
272.696	3.095
272.800	3.092
272.906	3.095
273.011	3.088
273.116	3.086
273.221	3.087
273.325	3.088
273.430	3.082
273.536	3.081
273.641	3.079
273.746	3.075
273.851	3.076
273.957	3.073
274.061	3.073
274.165	3.072
274.270	3.069
274.374	3.068
274.479	3.069
274.584	3.067
274.690	3.063
274.796	3.062
274.902	3.061
275.006	3.060
275.111	3.053
275.216	3.052
275.321	3.055
275.426	3.053
275.531	3.048
275.635	3.045
275.741	3.048
275.846	3.048
275.951	3.041
276.056	3.041
276.162	3.041
276.267	3.040
276.370	3.035
276.476	3.034
276.581	3.034
276.686	3.032
276.793	3.028
276.897	3.026
277.004	3.027
277.107	3.026
277.212	3.022
277.317	3.025
277.423	3.022
277.528	3.019
277.633	3.016
277.737	3.017
277.843	3.018
277.948	3.012
278.053	3.011
278.158	3.007
278.263	3.007
278.368	3.008
278.473	3.005
278.580	3.001
278.685	3.001
278.790	2.998
278.896	2.997
279.002	2.997
279.106	2.995
279.210	2.993
279.317	2.991
279.422	2.990
279.527	2.991
279.631	2.986
279.737	2.982
279.841	2.981
279.946	2.984
280.051	2.981
280.156	2.977
280.262	2.974
280.366	2.970
280.472	2.974
280.577	2.971
280.683	2.970
280.788	2.968
280.895	2.967
280.999	2.966
281.104	2.961
281.208	2.963
281.314	2.960
281.420	2.957
281.525	2.953
281.628	2.951
281.733	2.949
281.837	2.949
281.943	2.946
282.049	2.948
282.153	2.947
282.257	2.945
282.363	2.939
282.468	2.941
282.574	2.939
282.677	2.939
282.784	2.934
282.888	2.933
282.994	2.933
283.099	2.928
283.203	2.926
283.308	2.926
283.413	2.926
283.518	2.925
283.624	2.921
283.728	2.920
283.833	2.921
283.938	2.915
284.044	2.917
284.148	2.914
284.252	2.911
284.358	2.907
284.462	2.908
284.568	2.907
284.673	2.908
284.778	2.902
284.883	2.903
284.989	2.899
285.095	2.897
285.201	2.896
285.306	2.895
285.411	2.893
285.516	2.894
285.621	2.892
285.726	2.891
285.832	2.888
285.936	2.884
286.041	2.881
286.146	2.884
286.251	2.881
286.356	2.878
286.461	2.877
286.567	2.875
286.671	2.872
286.777	2.876
286.881	2.870
286.986	2.869
287.091	2.868
287.196	2.869
287.301	2.864
287.406	2.865
287.511	2.862
287.617	2.860
287.721	2.858
287.827	2.856
287.931	2.857
288.036	2.854
288.141	2.849
288.247	2.848
288.351	2.847
288.456	2.845
288.561	2.845
288.666	2.845
288.770	2.842
288.877	2.839
288.981	2.838
289.086	2.836
289.191	2.834
289.296	2.832
289.400	2.831
289.506	2.829
289.611	2.830
289.716	2.827
289.821	2.826
289.926	2.826
290.031	2.819
290.136	2.818
290.239	2.819
290.344	2.817
290.449	2.813
290.554	2.815
290.658	2.809
290.763	2.811
290.868	2.806
290.972	2.804
291.076	2.805
291.181	2.806
291.284	2.800
291.389	2.798
291.493	2.800
291.599	2.795
291.704	2.794
291.807	2.795
291.912	2.792
292.017	2.787
292.122	2.785
292.229	2.786
292.333	2.783
292.438	2.781
292.544	2.780
292.649	2.780
292.753	2.779
292.857	2.776
292.962	2.773
293.067	2.775
293.173	2.771
293.277	2.769
293.382	2.769
293.487	2.764
293.594	2.767
293.698	2.765
293.803	2.763
293.908	2.758
294.014	2.757
294.118	2.758
294.223	2.754
294.328	2.752
294.433	2.751
294.537	2.747
294.641	2.751
294.747	2.745
294.851	2.742
294.956	2.743
295.061	2.744
295.166	2.740
295.271	2.737
295.374	2.738
295.479	2.733
295.583	2.730
295.690	2.732
295.796	2.730
295.899	2.727
296.004	2.730
296.110	2.724
296.216	2.720
296.321	2.718
296.427	2.722
296.531	2.718
296.637	2.716
296.741	2.715
296.845	2.713
296.951	2.717
297.056	2.708
297.160	2.708
297.264	2.710
297.369	2.700
297.474	2.702
297.579	2.704
297.683	2.700
297.787	2.700
297.892	2.695
297.997	2.697
298.101	2.695
298.206	2.692
298.310	2.689
298.416	2.687
298.522	2.686
298.627	2.685
298.731	2.682
298.836	2.681
298.942	2.680
299.046	2.678
299.150	2.678
299.257	2.674
299.361	2.674
299.466	2.670
299.571	2.671
299.676	2.669
299.781	2.670
299.886	2.666
299.992	2.661
300.096	2.663
300.201	2.659
300.306	2.655
300.411	2.656
300.516	2.657
300.621	2.654
300.726	2.652
300.831	2.652
300.937	2.652
301.041	2.648
301.146	2.643
301.251	2.642
301.357	2.640
301.463	2.640
301.569	2.640
301.674	2.638
301.779	2.637
301.884	2.633
301.988	2.630
302.093	2.632
302.198	2.631
302.304	2.624
302.409	2.621
302.514	2.622
302.617	2.623
302.724	2.621
302.829	2.619
302.933	2.616
303.038	2.615
303.142	2.617
303.247	2.613
303.353	2.609
303.459	2.612
303.563	2.605
303.669	2.605
303.773	2.602
303.879	2.606
303.984	2.601
304.088	2.599
304.193	2.601
304.296	2.596
304.401	2.596
304.505	2.595
304.609	2.596
304.714	2.591
304.819	2.593
304.923	2.587
305.029	2.589
305.133	2.583
305.238	2.582
305.344	2.578
305.449	2.579
305.554	2.581
305.660	2.577
305.766	2.573
305.870	2.576
305.974	2.571
306.078	2.569
306.183	2.567
306.289	2.566
306.394	2.565
306.499	2.561
306.604	2.562
306.708	2.561
306.814	2.556
306.919	2.553
307.023	2.556
307.128	2.554
307.232	2.550
307.337	2.548
307.443	2.547
307.547	2.549
307.651	2.542
307.756	2.539
307.861	2.538
307.967	2.542
308.071	2.540
308.176	2.535
308.281	2.537
308.386	2.533
308.492	2.534
308.597	2.527
308.704	2.526
308.808	2.528
308.914	2.524
309.018	2.521
309.124	2.521
309.230	2.520
309.336	2.517
309.440	2.519
309.546	2.518
309.651	2.514
309.757	2.511
309.861	2.510
309.967	2.509
310.071	2.506
310.176	2.507
310.281	2.502
310.387	2.502
310.492	2.501
310.597	2.498
310.702	2.495
310.808	2.496
310.914	2.493
311.020	2.490
311.124	2.488
311.229	2.490
311.334	2.488
311.438	2.484
311.543	2.483
311.648	2.482
311.753	2.481
311.859	2.480
311.965	2.478
312.070	2.478
312.176	2.473
312.281	2.471
312.385	2.470
312.489	2.469
312.594	2.470
312.699	2.467
312.804	2.465
312.910	2.461
313.016	2.465
313.121	2.460
313.226	2.455
313.331	2.456
313.436	2.454
313.541	2.451
313.646	2.454
313.751	2.448
313.856	2.449
313.961	2.446
314.067	2.445
314.172	2.443
314.277	2.442
314.384	2.439
314.489	2.436
314.594	2.432
314.699	2.440
314.805	2.433
314.911	2.433
315.015	2.428
315.121	2.431
315.227	2.429
315.334	2.424
315.439	2.422
315.544	2.421
315.649	2.419
315.755	2.421
315.859	2.417
315.964	2.415
316.069	2.416
316.174	2.411
316.279	2.409
316.384	2.409
316.488	2.410
316.592	2.405
316.696	2.404
316.801	2.403
316.906	2.399
317.012	2.396
317.117	2.399
317.221	2.395
317.327	2.392
317.431	2.393
317.537	2.391
317.641	2.392
317.747	2.388
317.851	2.387
317.956	2.385
318.061	2.385
318.167	2.383
318.271	2.381
318.376	2.377
318.481	2.379
318.586	2.375
318.691	2.372
318.796	2.371
318.901	2.372
319.006	2.370
319.111	2.369
319.216	2.367
319.321	2.367
319.426	2.362
319.531	2.362
319.637	2.358
319.742	2.360
319.847	2.353
319.951	2.352
320.055	2.355
320.160	2.351
320.265	2.348
320.370	2.348
320.475	2.347
320.581	2.343
320.686	2.341
320.791	2.343
320.896	2.337
321.001	2.339
321.105	2.333
321.211	2.332
321.317	2.330
321.422	2.333
321.527	2.330
321.633	2.326
321.739	2.325
321.843	2.322
321.948	2.322
322.053	2.321
322.158	2.320
322.264	2.320
322.370	2.317
322.476	2.316
322.581	2.312
322.686	2.314
322.791	2.309
322.895	2.309
323.000	2.306
323.103	2.306
323.209	2.304
323.314	2.302
323.418	2.302
323.525	2.299
323.630	2.297
323.734	2.292
323.838	2.293
323.944	2.292
324.049	2.290
324.154	2.289
324.259	2.284
324.364	2.286
324.469	2.283
324.574	2.281
324.678	2.282
324.784	2.277
324.888	2.275
324.995	2.276
325.100	2.275
325.206	2.274
325.311	2.268
325.416	2.268
325.520	2.270
325.625	2.267
325.731	2.265
325.836	2.261
325.941	2.262
326.046	2.261
326.152	2.259
326.257	2.256
326.361	2.255
326.467	2.252
326.572	2.254
326.676	2.251
326.782	2.251
326.887	2.244
326.992	2.243
327.096	2.245
327.202	2.245
327.308	2.242
327.414	2.238
327.519	2.235
327.624	2.232
327.729	2.234
327.833	2.232
327.939	2.231
328.044	2.233
328.148	2.226
328.253	2.225
328.359	2.225
328.464	2.228
328.569	2.224
328.674	2.220
328.779	2.216
328.884	2.215
328.988	2.215
329.092	2.214
329.196	2.214
329.301	2.209
329.408	2.210
329.512	2.205
329.616	2.204
329.721	2.206
329.826	2.202
329.931	2.200
330.036	2.198
330.141	2.199
330.247	2.197
330.352	2.192
330.458	2.193
330.563	2.186
330.667	2.189
330.771	2.187
330.876	2.188
330.980	2.185
331.084	2.180
331.189	2.177
331.294	2.181
331.399	2.182
331.504	2.180
331.608	2.174
331.714	2.172
331.818	2.167
331.924	2.167
332.029	2.173
332.134	2.168
332.239	2.163
332.344	2.162
332.449	2.162
332.554	2.162
332.658	2.161
332.762	2.160
332.866	2.158
332.971	2.153
333.077	2.148
333.181	2.151
333.287	2.149
333.392	2.149
333.496	2.144
333.601	2.140
333.706	2.141
333.813	2.144
333.918	2.141
334.024	2.137
334.129	2.132
334.234	2.131
334.339	2.133
334.444	2.129
334.551	2.131
334.655	2.130
334.760	2.126
334.864	2.125
334.969	2.124
335.074	2.123
335.179	2.120
335.284	2.118
335.389	2.115
335.493	2.116
335.599	2.114
335.704	2.110
335.810	2.111
335.915	2.106
336.020	2.103
336.126	2.104
336.231	2.106
336.336	2.105
336.441	2.098
336.547	2.097
336.651	2.095
336.755	2.098
336.859	2.098
336.964	2.093
337.070	2.089
337.174	2.091
337.278	2.087
337.383	2.085
337.488	2.085
337.592	2.084
337.697	2.079
337.802	2.079
337.907	2.076
338.011	2.076
338.115	2.078
338.219	2.075
338.324	2.073
338.429	2.068
338.534	2.070
338.638	2.067
338.743	2.070
338.847	2.064
338.951	2.060
339.055	2.058
339.162	2.057
339.266	2.057
339.371	2.055
339.477	2.054
339.581	2.051
339.687	2.049
339.792	2.051
339.897	2.047
340.001	2.050
340.106	2.043
340.211	2.042
340.316	2.038
340.421	2.038
340.525	2.037
340.630	2.033
340.736	2.033
340.841	2.033
340.946	2.033
341.052	2.030
341.157	2.025
341.262	2.026
341.367	2.027
341.471	2.022
341.575	2.022
341.679	2.020
341.784	2.018
341.888	2.017
341.994	2.015
342.099	2.013
342.204	2.011
342.310	2.013
342.415	2.009
342.519	2.008
342.623	2.006
342.727	2.003
342.832	2.001
342.937	2.001
343.041	2.001
343.147	1.996
343.252	1.996
343.357	1.995
343.462	1.994
343.567	1.994
343.672	1.991
343.777	1.990
343.881	1.985
343.987	1.987
344.091	1.983
344.196	1.985
344.301	1.983
344.407	1.983
344.511	1.977
344.615	1.978
344.722	1.972
344.827	1.973
344.932	1.969
345.036	1.969
345.141	1.969
345.247	1.968
345.352	1.964
345.456	1.963
345.561	1.964
345.667	1.960
345.772	1.958
345.877	1.955
345.983	1.955
346.089	1.957
346.194	1.953
346.299	1.952
346.404	1.949
346.509	1.945
346.614	1.943
346.719	1.946
346.824	1.944
346.930	1.939
347.034	1.939
347.139	1.937
347.244	1.935
347.349	1.932
347.454	1.934
347.560	1.934
347.666	1.929
347.771	1.928
347.876	1.923
347.981	1.925
348.087	1.924
348.193	1.924
348.297	1.918
348.402	1.917
348.508	1.915
348.613	1.915
348.720	1.915
348.824	1.913
348.929	1.909
349.034	1.907
349.139	1.907
349.243	1.904
349.349	1.902
349.454	1.905
349.559	1.901
349.663	1.896
349.769	1.897
349.874	1.898
349.979	1.894
350.084	1.896
350.188	1.891
350.294	1.887
350.399	1.886
350.505	1.887
350.611	1.885
350.715	1.883
350.821	1.881
350.927	1.880
351.032	1.880
351.137	1.878
351.241	1.876
351.346	1.873
351.452	1.871
351.556	1.868
351.661	1.868
351.766	1.866
351.870	1.867
351.976	1.866
352.082	1.862
352.187	1.861
352.292	1.856
352.397	1.854
352.501	1.856
352.606	1.853
352.711	1.856
352.817	1.851
352.921	1.850
353.027	1.846
353.131	1.844
353.237	1.843
353.343	1.844
353.448	1.843
353.552	1.839
353.657	1.839
353.761	1.837
353.867	1.838
353.972	1.831
354.076	1.833
354.181	1.831
354.287	1.826
354.392	1.824
354.498	1.826
354.601	1.821
354.706	1.819
354.811	1.816
354.914	1.820
355.019	1.817
355.124	1.818
355.230	1.817
355.334	1.812
355.439	1.810
355.544	1.807
355.650	1.806
355.753	1.807
355.858	1.808
355.963	1.802
356.068	1.801
356.174	1.798
356.279	1.799
356.385	1.797
356.489	1.797
356.594	1.793
356.698	1.790
356.804	1.788
356.908	1.789
357.014	1.787
357.119	1.786
357.224	1.783
357.327	1.779
357.432	1.778
357.538	1.780
357.644	1.778
357.748	1.776
357.853	1.774
357.957	1.767
358.062	1.767
358.167	1.770
358.271	1.767
358.377	1.768
358.482	1.765
358.587	1.764
358.691	1.764
358.796	1.760
358.902	1.760
359.007	1.759
359.113	1.757
359.218	1.754
359.323	1.750
359.428	1.753
359.534	1.751
359.639	1.751
359.744	1.748
359.850	1.745
359.954	1.742
360.059	1.740
360.164	1.738
360.268	1.741
360.374	1.741
360.480	1.737
360.585	1.734
360.689	1.731
360.793	1.730
360.898	1.730
361.003	1.727
361.108	1.728
361.213	1.723
361.318	1.723
361.424	1.722
361.530	1.721
361.636	1.718
361.741	1.715
361.846	1.713
361.952	1.710
362.057	1.713
362.161	1.712
362.265	1.709
362.371	1.705
362.477	1.701
362.581	1.701
362.687	1.701
362.793	1.699
362.898	1.701
363.002	1.695
363.106	1.695
363.212	1.693
363.318	1.692
363.424	1.689
363.529	1.690
363.633	1.688
363.739	1.683
363.845	1.684
363.949	1.681
364.054	1.681
364.159	1.680
364.263	1.679
364.368	1.678
364.474	1.670
364.579	1.671
364.684	1.673
364.789	1.670
364.894	1.672
364.999	1.664
365.104	1.666
365.210	1.662
365.314	1.663
365.420	1.658
365.523	1.657
365.628	1.657
365.734	1.656
365.839	1.653
365.943	1.652
366.048	1.651
366.154	1.647
366.259	1.652
366.363	1.647
366.468	1.645
366.572	1.643
366.676	1.643
366.781	1.639
366.886	1.642
366.992	1.636
367.097	1.636
367.201	1.635
367.306	1.632
367.412	1.631
367.517	1.630
367.621	1.629
367.726	1.627
367.831	1.623
367.937	1.623
368.041	1.621
368.146	1.618
368.252	1.616
368.357	1.617
368.461	1.614
368.568	1.613
368.671	1.614
368.777	1.612
368.881	1.609
368.987	1.605
369.091	1.605
369.197	1.606
369.301	1.604
369.405	1.601
369.509	1.598
369.614	1.599
369.719	1.595
369.824	1.596
369.929	1.593
370.033	1.592
370.138	1.588
370.244	1.587
370.349	1.583
370.454	1.583
370.559	1.584
370.663	1.582
370.768	1.579
370.873	1.581
370.979	1.574
371.083	1.574
371.189	1.577
371.293	1.571
371.399	1.571
371.504	1.570
371.609	1.566
371.714	1.565
371.818	1.563
371.922	1.563
372.028	1.562
372.134	1.558
372.239	1.559
372.343	1.559
372.449	1.555
372.554	1.552
372.659	1.552
372.764	1.553
372.867	1.550
372.971	1.549
373.076	1.546
373.181	1.545
373.287	1.543
373.393	1.541
373.499	1.538
373.604	1.540
373.708	1.537
373.814	1.533
373.919	1.534
374.024	1.530
374.129	1.532
374.234	1.530
374.339	1.531
374.444	1.524
374.549	1.522
374.653	1.523
374.758	1.522
374.864	1.520
374.969	1.517
375.073	1.518
375.178	1.517
375.284	1.517
375.389	1.512
375.494	1.512
375.598	1.513
375.704	1.506
375.808	1.507
375.914	1.506
376.018	1.505
376.124	1.501
376.229	1.502
376.334	1.500
376.441	1.500
376.546	1.494
376.652	1.493
376.757	1.495
376.862	1.492
376.967	1.488
377.071	1.487
377.177	1.484
377.281	1.485
377.387	1.483
377.491	1.480
377.597	1.479
377.701	1.479
377.806	1.476
377.912	1.476
378.017	1.470
378.122	1.474
378.226	1.472
378.331	1.471
378.436	1.467
378.541	1.467
378.646	1.461
378.752	1.463
378.857	1.460
378.962	1.461
379.066	1.458
379.172	1.456
379.277	1.453
379.381	1.450
379.487	1.450
379.591	1.449
379.697	1.449
379.802	1.443
379.907	1.445
380.012	1.439
380.117	1.441
380.221	1.442
380.327	1.441
380.432	1.437
380.536	1.435
380.642	1.436
380.748	1.434
380.851	1.433
380.957	1.431
381.061	1.430
381.166	1.427
381.272	1.427
381.376	1.426
381.482	1.422
381.587	1.423
381.693	1.420
381.798	1.419
381.903	1.417
382.007	1.414
382.111	1.412
382.216	1.410
382.319	1.411
382.424	1.412
382.529	1.408
382.634	1.405
382.738	1.407
382.843	1.405
382.949	1.399
383.054	1.401
383.158	1.402
383.263	1.395
383.368	1.395
383.473	1.393
383.578	1.389
383.684	1.391
383.789	1.390
383.894	1.388
383.999	1.385
384.105	1.383
384.210	1.382
384.314	1.379
384.419	1.380
384.524	1.379
384.629	1.375
384.734	1.372
384.838	1.373
384.944	1.372
385.049	1.370
385.154	1.367
385.260	1.370
385.364	1.365
385.469	1.362
385.575	1.362
385.679	1.360
385.785	1.357
385.891	1.356
385.997	1.354
386.103	1.354
386.207	1.353
386.311	1.351
386.417	1.348
386.523	1.345
386.627	1.348
386.733	1.343
386.837	1.343
386.942	1.341
387.047	1.340
387.152	1.340
387.256	1.338
387.360	1.337
387.467	1.335
387.571	1.335
387.677	1.329
387.783	1.333
387.888	1.331
387.993	1.327
388.099	1.326
388.204	1.328
388.309	1.324
388.414	1.323
388.520	1.320
388.624	1.321
388.729	1.317
388.834	1.316
388.940	1.318
389.046	1.315
389.150	1.312
389.255	1.310
389.361	1.305
389.467	1.311
389.573	1.306
389.678	1.305
389.784	1.305
389.888	1.301
389.993	1.300
390.099	1.298
390.204	1.301
390.310	1.297
390.415	1.297
390.521	1.292
390.627	1.291
390.732	1.287
390.838	1.290
390.942	1.287
391.047	1.285
391.151	1.284
391.256	1.281
391.361	1.281
391.468	1.277
391.572	1.277
391.678	1.277
391.782	1.276
391.887	1.272
391.991	1.268
392.096	1.269
392.200	1.264
392.306	1.268
392.412	1.265
392.517	1.261
392.621	1.260
392.727	1.255
392.831	1.259
392.937	1.258
393.044	1.255
393.148	1.254
393.254	1.255
393.359	1.252
393.464	1.252
393.569	1.249
393.674	1.248
393.779	1.246
393.883	1.248
393.987	1.244
394.091	1.243
394.196	1.239
394.302	1.239
394.407	1.232
394.512	1.234
394.616	1.233
394.722	1.232
394.827	1.235
394.931	1.231
395.037	1.229
395.142	1.227
395.247	1.225
395.351	1.223
395.457	1.221
395.562	1.219
395.667	1.218
395.771	1.217
395.876	1.215
395.981	1.213
396.087	1.213
396.192	1.215
396.297	1.210
396.402	1.210
396.506	1.206
396.610	1.206
396.715	1.206
396.819	1.206
396.925	1.203
397.030	1.200
397.134	1.199
397.240	1.196
397.344	1.195
397.448	1.193
397.553	1.191
397.658	1.191
397.764	1.186
397.868	1.188
397.974	1.184
398.080	1.186
398.187	1.182
398.292	1.180
398.398	1.181
398.504	1.183
398.609	1.177
398.714	1.175
398.819	1.172
398.924	1.173
399.029	1.171
399.134	1.169
399.241	1.171
399.347	1.168
399.451	1.165
399.556	1.165
399.662	1.163
399.767	1.161
399.872	1.159
399.976	1.160
400.082	1.157
400.186	1.156
400.290	1.154
400.395	1.153
400.500	1.148
400.604	1.146
400.708	1.148
400.813	1.145
400.918	1.146
401.022	1.143
401.127	1.143
401.232	1.140
401.337	1.140
401.441	1.139
401.546	1.134
401.650	1.136
401.755	1.131
401.860	1.134
401.964	1.128
402.069	1.130
402.174	1.128
402.278	1.126
402.383	1.127
402.488	1.124
402.592	1.123
402.696	1.117
402.802	1.119
402.908	1.121
403.014	1.118
403.119	1.116
403.223	1.115
403.329	1.111
403.434	1.112
403.539	1.109
403.644	1.107
403.749	1.107
403.854	1.106
403.959	1.105
404.064	1.101
404.169	1.103
404.274	1.099
404.380	1.098
404.486	1.096
404.590	1.094
404.696	1.091
404.801	1.095
404.907	1.091
405.012	1.090
405.117	1.087
405.221	1.085
405.327	1.083
405.433	1.084
405.539	1.083
405.643	1.081
405.749	1.079
405.855	1.078
405.960	1.077
406.066	1.074
406.172	1.075
406.277	1.074
406.381	1.069
406.485	1.071
406.590	1.068
406.695	1.065
406.800	1.063
406.904	1.064
407.008	1.062
407.114	1.062
407.220	1.060
407.324	1.059
407.429	1.060
407.534	1.055
407.639	1.053
407.744	1.056
407.849	1.052
407.955	1.052
408.059	1.051
408.163	1.048
408.268	1.047
408.373	1.047
408.478	1.041
408.584	1.045
408.688	1.040
408.793	1.037
408.898	1.037
409.004	1.038
409.109	1.035
409.214	1.033
409.319	1.031
409.423	1.033
409.529	1.030
409.634	1.029
409.739	1.028
409.845	1.025
409.950	1.027
410.054	1.021
410.158	1.024
410.264	1.021
410.369	1.021
410.474	1.021
410.580	1.018
410.684	1.015
410.788	1.015
410.893	1.012
410.998	1.012
411.104	1.011
411.208	1.008
411.314	1.009
411.419	1.007
411.524	1.005
411.630	1.003
411.734	1.005
411.840	1.003
411.947	0.998
412.052	1.000
412.158	0.996
412.263	0.998
412.368	0.994
412.474	0.992
412.579	0.992
412.684	0.991
412.791	0.990
412.896	0.991
413.000	0.987
413.106	0.987
413.212	0.985
413.318	0.984
413.424	0.980
413.529	0.978
413.635	0.978
413.740	0.977
413.846	0.975
413.950	0.977
414.054	0.972
414.159	0.972
414.264	0.972
414.370	0.973
414.475	0.971
414.580	0.967
414.685	0.966
414.790	0.971
414.894	0.966
414.998	0.963
415.104	0.963
415.208	0.957
415.314	0.961
415.420	0.960
415.525	0.959
415.629	0.954
415.734	0.956
415.839	0.955
415.944	0.954
416.049	0.953
416.154	0.952
416.258	0.951
416.364	0.948
416.470	0.946
416.575	0.944
416.680	0.945
416.784	0.942
416.889	0.944
416.994	0.944
417.100	0.941
417.206	0.939
417.311	0.939
417.415	0.936
417.520	0.938
417.624	0.932
417.730	0.931
417.834	0.932
417.939	0.929
418.043	0.930
418.149	0.928
418.253	0.926
418.358	0.925
418.463	0.922
418.567	0.929
418.671	0.922
418.776	0.921
418.880	0.922
418.984	0.921
419.088	0.916
419.192	0.919
419.297	0.916
419.402	0.916
419.506	0.912
419.610	0.912
419.715	0.911
419.820	0.913
419.925	0.911
420.029	0.912
420.133	0.906
420.238	0.907
420.343	0.901
420.448	0.903
420.552	0.900
420.657	0.901
420.762	0.900
420.866	0.900
420.971	0.898
421.076	0.899
421.181	0.896
421.285	0.895
421.388	0.894
421.495	0.892
421.599	0.890
421.704	0.887
421.808	0.889
421.913	0.888
422.017	0.887
422.121	0.887
422.226	0.885
422.331	0.884
422.436	0.882
422.540	0.879
422.645	0.881
422.750	0.875
422.855	0.879
422.960	0.874
423.066	0.874
423.170	0.877
423.276	0.874
423.381	0.875
423.487	0.869
423.592	0.870
423.697	0.867
423.802	0.867
423.907	0.871
424.012	0.868
424.117	0.861
424.221	0.864
424.327	0.863
424.432	0.861
424.537	0.859
424.642	0.862
424.746	0.858
424.852	0.860
424.957	0.857
425.062	0.856
425.166	0.854
425.272	0.852
425.378	0.851
425.481	0.850
425.587	0.848
425.691	0.849
425.795	0.848
425.901	0.848
426.007	0.842
426.111	0.843
426.217	0.842
426.321	0.841
426.427	0.839
426.531	0.835
426.637	0.835
426.742	0.837
426.847	0.833
426.953	0.834
427.057	0.830
427.162	0.832
427.267	0.832
427.372	0.829
427.477	0.828
427.582	0.826
427.686	0.826
427.791	0.826
427.895	0.824
428.001	0.826
428.106	0.822
428.211	0.822
428.317	0.819
428.422	0.816
428.527	0.815
428.631	0.816
428.737	0.814
428.841	0.814
428.947	0.810
429.051	0.810
429.156	0.809
429.261	0.809
429.367	0.809
429.474	0.806
429.579	0.805
429.684	0.805
429.788	0.805
429.894	0.802
429.999	0.799
430.104	0.798
430.209	0.799
430.314	0.799
430.418	0.795
430.523	0.797
430.629	0.793
430.734	0.795
430.839	0.793
430.944	0.794
431.049	0.794
431.154	0.793
431.258	0.788
431.364	0.789
431.469	0.784
431.574	0.786
431.678	0.784
431.783	0.786
431.889	0.782
431.994	0.777
432.098	0.778
432.204	0.777
432.308	0.778
432.412	0.777
432.518	0.775
432.624	0.778
432.729	0.769
432.833	0.773
432.938	0.771
433.042	0.770
433.146	0.770
433.252	0.767
433.358	0.769
433.463	0.766
433.569	0.765
433.674	0.764
433.779	0.761
433.884	0.763
433.989	0.763
434.094	0.760
434.198	0.761
434.303	0.758
434.407	0.756
434.512	0.757
434.617	0.755
434.723	0.754
434.829	0.753
434.935	0.752
435.041	0.749
435.146	0.749
435.250	0.747
435.357	0.746
435.462	0.744
435.566	0.744
435.672	0.742
435.777	0.741
435.881	0.741
435.986	0.738
436.091	0.737
436.197	0.740
436.302	0.739
436.406	0.738
436.510	0.734
436.615	0.733
436.719	0.734
436.823	0.733
436.928	0.732
437.033	0.727
437.138	0.728
437.242	0.729
437.348	0.726
437.454	0.724
437.558	0.722
437.664	0.720
437.769	0.722
437.874	0.718
437.979	0.719
438.085	0.719
438.191	0.714
438.297	0.715
438.401	0.713
438.508	0.718
438.613	0.709
438.718	0.712
438.824	0.711
438.928	0.710
439.034	0.709
439.139	0.708
439.243	0.706
439.349	0.707
439.455	0.704
439.560	0.703
439.664	0.702
439.769	0.702
439.875	0.704
439.979	0.699
440.085	0.700
440.189	0.699
440.295	0.697
440.399	0.696
440.504	0.694
440.609	0.690
440.714	0.693
440.819	0.693
440.924	0.691
441.030	0.689
441.135	0.689
441.239	0.684
441.344	0.688
441.448	0.685
441.554	0.685
441.659	0.684
441.763	0.680
441.869	0.682
441.974	0.681
442.080	0.678
442.184	0.675
442.288	0.676
442.394	0.673
442.498	0.672
442.604	0.670
442.708	0.672
442.812	0.670
442.916	0.667
443.022	0.671
443.127	0.669
443.232	0.668
443.338	0.665
443.442	0.663
443.548	0.664
443.653	0.661
443.757	0.663
443.863	0.659
443.967	0.660
444.071	0.658
444.178	0.656
444.282	0.654
444.387	0.657
444.493	0.655
444.597	0.653
444.701	0.651
444.807	0.652
444.911	0.651
445.017	0.650
445.122	0.649
445.227	0.646
445.331	0.646
445.437	0.645
445.542	0.647
445.647	0.645
445.752	0.640
445.857	0.640
445.962	0.640
446.067	0.637
446.172	0.639
446.277	0.638
446.382	0.634
446.487	0.635
446.592	0.634
446.698	0.633
446.804	0.632
446.908	0.630
447.013	0.629
447.118	0.625
447.222	0.630
447.326	0.624
447.431	0.626
447.535	0.627
447.640	0.623
447.747	0.625
447.852	0.621
447.957	0.621
448.062	0.619
448.166	0.615
448.270	0.616
448.376	0.616
448.481	0.616
448.586	0.616
448.690	0.610
448.795	0.612
448.900	0.610
449.004	0.608
449.108	0.608
449.214	0.606
449.318	0.606
449.422	0.605
449.527	0.607
449.631	0.604
449.737	0.603
449.842	0.601
449.947	0.601
450.052	0.599
450.157	0.600
450.262	0.597
450.368	0.595
450.474	0.594
450.579	0.597
450.684	0.594
450.789	0.590
450.894	0.592
450.999	0.587
451.104	0.593
451.210	0.590
451.314	0.585
451.419	0.585
451.523	0.582
451.629	0.587
451.734	0.581
451.839	0.583
451.945	0.578
452.051	0.576
452.155	0.579
452.260	0.578
452.365	0.576
452.469	0.571
452.575	0.573
452.679	0.573
452.784	0.569
452.889	0.575
452.994	0.568
453.099	0.568
453.205	0.564
453.309	0.566
453.414	0.567
453.519	0.563
453.624	0.565
453.729	0.563
453.834	0.561
453.939	0.563
454.044	0.560
454.150	0.559
454.256	0.559
454.362	0.556
454.466	0.557
454.571	0.555
454.677	0.556
454.781	0.551
454.886	0.551
454.992	0.548
455.097	0.548
455.202	0.548
455.307	0.545
455.412	0.545
455.517	0.544
455.622	0.546
455.728	0.544
455.832	0.543
455.937	0.542
456.042	0.540
456.148	0.538
456.254	0.539
456.360	0.538
456.465	0.537
456.570	0.533
456.675	0.532
456.780	0.529
456.885	0.533
456.990	0.531
457.093	0.528
457.199	0.527
457.303	0.524
457.408	0.527
457.514	0.526
457.619	0.525
457.723	0.527
457.828	0.524
457.933	0.521
458.037	0.519
458.142	0.520
458.247	0.521
458.353	0.517
458.458	0.516
458.562	0.514
458.667	0.513
458.773	0.511
458.879	0.511
458.984	0.513
459.089	0.509
459.194	0.509
459.299	0.506
459.404	0.509
459.510	0.507
459.614	0.506
459.719	0.505
459.825	0.501
459.930	0.503
460.036	0.502
460.141	0.500
460.245	0.501
460.350	0.498
460.457	0.499
460.562	0.496
460.667	0.496
460.773	0.494
460.878	0.493
460.982	0.492
461.088	0.492
461.193	0.492
461.297	0.489
461.401	0.487
461.505	0.487
461.610	0.489
461.715	0.489
461.819	0.483
461.924	0.486
462.030	0.483
462.134	0.483
462.239	0.483
462.344	0.482
462.449	0.481
462.554	0.478
462.657	0.481
462.762	0.476
462.868	0.477
462.974	0.475
463.080	0.479
463.185	0.472
463.289	0.473
463.395	0.473
463.500	0.469
463.605	0.468
463.709	0.470
463.814	0.467
463.920	0.468
464.025	0.464
464.130	0.468
464.234	0.465
464.340	0.462
464.444	0.462
464.550	0.460
464.655	0.460
464.760	0.457
464.864	0.457
464.969	0.455
465.074	0.454
465.178	0.458
465.282	0.452
465.388	0.454
465.494	0.455
465.600	0.449
465.704	0.452
465.809	0.450
465.915	0.448
466.021	0.448
466.126	0.448
466.231	0.449
466.336	0.446
466.441	0.447
466.547	0.443
466.653	0.447
466.758	0.440
466.863	0.439
466.968	0.440
467.073	0.438
467.178	0.438
467.284	0.439
467.390	0.440
467.495	0.438
467.599	0.435
467.704	0.431
467.808	0.434
467.913	0.430
468.017	0.430
468.121	0.428
468.227	0.431
468.332	0.429
468.437	0.427
468.542	0.429
468.647	0.427
468.752	0.424
468.857	0.424
468.961	0.421
469.066	0.420
469.171	0.424
469.276	0.420
469.382	0.420
469.487	0.417
469.592	0.418
469.697	0.417
469.802	0.416
469.907	0.417
470.012	0.413
470.117	0.413
470.221	0.410
470.326	0.408
470.432	0.410
470.538	0.409
470.642	0.409
470.746	0.410
470.852	0.407
470.957	0.406
471.060	0.406
471.165	0.408
471.269	0.404
471.374	0.403
471.480	0.400
471.585	0.398
471.690	0.401
471.796	0.397
471.902	0.396
472.007	0.397
472.112	0.395
472.216	0.395
472.322	0.400
472.426	0.392
472.532	0.392
472.637	0.394
472.742	0.391
472.848	0.390
472.954	0.389
473.061	0.388
473.164	0.389
473.268	0.391
473.374	0.386
473.478	0.386
473.583	0.385
473.687	0.386
473.792	0.384
473.898	0.382
474.002	0.384
474.107	0.379
474.212	0.381
474.318	0.376
474.422	0.380
474.526	0.376
474.632	0.374
474.737	0.374
474.843	0.372
474.946	0.372
475.052	0.373
475.157	0.376
475.263	0.372
475.367	0.369
475.472	0.370
475.578	0.367
475.683	0.366
475.787	0.366
475.892	0.367
475.998	0.366
476.103	0.364
476.208	0.363
476.313	0.362
476.417	0.361
476.522	0.361
476.627	0.356
476.731	0.358
476.837	0.357
476.943	0.357
477.047	0.358
477.151	0.355
477.256	0.355
477.362	0.356
477.467	0.353
477.572	0.352
477.678	0.353
477.784	0.351
477.890	0.352
477.994	0.348
478.099	0.346
478.203	0.346
478.309	0.343
478.414	0.345
478.519	0.345
478.625	0.342
478.730	0.344
478.834	0.340
478.939	0.342
479.044	0.341
479.149	0.338
479.254	0.335
479.360	0.334
479.464	0.333
479.568	0.332
479.675	0.331
479.779	0.329
479.884	0.330
479.990	0.330
480.095	0.324
480.200	0.325
480.305	0.321
480.411	0.322
480.517	0.320
480.621	0.318
480.727	0.316
480.832	0.319
480.937	0.314
481.042	0.311
481.145	0.310
481.251	0.310
481.355	0.310
481.460	0.307
481.565	0.303
481.669	0.304
481.775	0.305
481.882	0.300
481.987	0.297
482.092	0.296
482.197	0.292
482.302	0.294
482.407	0.294
482.512	0.290
482.618	0.292
482.723	0.288
482.827	0.287
482.932	0.288
483.038	0.284
483.143	0.283
483.249	0.282
483.355	0.275
483.459	0.278
483.564	0.277
483.669	0.277
483.775	0.272
483.879	0.273
483.984	0.270
484.089	0.268
484.193	0.266
484.299	0.266
484.404	0.263
484.509	0.262
484.615	0.261
484.719	0.257
484.824	0.259
484.929	0.256
485.033	0.258
485.138	0.254
485.244	0.251
485.349	0.249
485.454	0.249
485.558	0.251
485.662	0.248
485.767	0.245
485.871	0.241
485.976	0.244
486.081	0.239
486.185	0.239
486.290	0.238
486.395	0.234
486.500	0.235
486.604	0.234
486.708	0.233
486.814	0.229
486.920	0.225
487.024	0.224
487.129	0.225
487.234	0.225
487.337	0.223
487.442	0.222
487.546	0.218
487.651	0.218
487.758	0.219
487.862	0.216
487.967	0.217
488.072	0.213
488.176	0.216
488.282	0.212
488.387	0.212
488.492	0.211
488.596	0.211
488.702	0.210
488.806	0.208
488.911	0.207
489.016	0.205
489.122	0.205
489.227	0.201
489.332	0.206
489.438	0.201
489.543	0.201
489.647	0.199
489.752	0.199
489.857	0.200
489.962	0.197
490.067	0.197
490.172	0.194
490.276	0.198
490.382	0.191
490.487	0.192
490.592	0.194
490.697	0.191
490.802	0.189
490.906	0.189
491.011	0.188
491.116	0.187
491.222	0.185
491.327	0.186
491.431	0.184
491.535	0.183
491.639	0.183
491.745	0.182
491.850	0.183
491.955	0.179
492.060	0.179
492.164	0.176
492.269	0.179
492.374	0.179
492.480	0.177
492.585	0.178
492.690	0.174
492.794	0.178
492.899	0.176
493.004	0.172
493.109	0.173
493.214	0.173
493.319	0.174
493.426	0.172
493.530	0.170
493.633	0.170
493.738	0.169
493.843	0.168
493.948	0.167
494.052	0.167
494.156	0.166
494.260	0.167
494.366	0.162
494.472	0.164
494.576	0.166
494.682	0.164
494.787	0.163
494.892	0.161
494.996	0.160
495.100	0.165
495.204	0.163
495.310	0.163
495.417	0.158
495.521	0.160
495.627	0.160
495.732	0.157
495.837	0.157
495.943	0.157
496.048	0.158
496.152	0.159
496.256	0.156
496.360	0.159
496.464	0.156
496.569	0.157
496.674	0.153
496.779	0.154
496.885	0.155
496.990	0.156
497.095	0.153
497.199	0.152
497.304	0.150
497.410	0.151
497.516	0.153
497.621	0.150
497.726	0.150
497.830	0.149
497.935	0.153
498.039	0.149
498.144	0.149
498.249	0.147
498.355	0.152
498.461	0.146
498.566	0.150
498.670	0.147
498.774	0.145
498.881	0.144
498.987	0.146
499.092	0.147
499.197	0.148
499.303	0.146
499.407	0.145
499.512	0.146
499.617	0.145
499.722	0.144
499.827	0.145
499.932	0.142
500.036	0.141
500.142	0.144
500.248	0.142
500.353	0.141
500.457	0.144
500.562	0.140
500.668	0.144
500.773	0.143
500.877	0.142
500.982	0.144
501.087	0.143
501.192	0.139
501.298	0.141
501.402	0.140
501.506	0.139
501.612	0.143
501.716	0.139
501.821	0.139
501.927	0.140
502.032	0.139
502.137	0.142
502.242	0.140
502.347	0.137
502.452	0.139
502.557	0.144
502.662	0.137
502.766	0.138
502.872	0.139
502.977	0.143
503.082	0.144
503.187	0.140
503.292	0.136
503.398	0.139
503.502	0.141
503.608	0.140
503.713	0.138
503.817	0.139
503.922	0.142
504.025	0.138
504.129	0.141
504.235	0.136
504.339	0.140
504.444	0.142
504.550	0.138
504.654	0.138
504.760	0.138
504.865	0.138
504.970	0.136
505.074	0.138
505.179	0.136
505.285	0.139
505.390	0.137
505.494	0.138
505.600	0.139
505.705	0.138
505.809	0.136
505.915	0.140
506.019	0.137
506.125	0.136
506.232	0.136
506.335	0.135
506.439	0.137
506.545	0.138
506.648	0.138
506.753	0.138
506.859	0.136
506.965	0.136
507.070	0.138
507.174	0.135
507.280	0.138
507.385	0.140
507.489	0.135
