18.504	5.928
18.612	5.922
18.719	5.914
18.825	5.927
18.929	5.926
19.034	5.921
19.139	5.918
19.245	5.912
19.349	5.919
19.455	5.916
19.560	5.910
19.665	5.905
19.771	5.902
19.876	5.913
19.981	5.905
20.086	5.897
20.191	5.898
20.296	5.898
20.400	5.901
20.505	5.901
20.610	5.888
20.715	5.886
20.821	5.891
20.925	5.891
21.030	5.887
21.135	5.877
21.240	5.880
21.345	5.881
21.450	5.884
21.555	5.871
21.660	5.869
21.765	5.868
21.871	5.871
21.975	5.869
22.081	5.865
22.187	5.859
22.291	5.858
22.396	5.861
22.503	5.857
22.607	5.850
22.712	5.846
22.817	5.853
22.922	5.851
23.027	5.846
23.133	5.837
23.237	5.839
23.342	5.839
23.446	5.840
23.549	5.835
23.655	5.827
23.760	5.829
23.864	5.837
23.968	5.833
24.073	5.827
24.178	5.820
24.284	5.824
24.388	5.829
24.493	5.823
24.597	5.817
24.702	5.810
24.808	5.816
24.913	5.817
25.017	5.813
25.122	5.804
25.228	5.803
25.333	5.806
25.438	5.806
25.543	5.799
25.648	5.792
25.754	5.792
25.859	5.796
25.965	5.793
26.070	5.788
26.175	5.783
26.280	5.785
26.384	5.786
26.488	5.784
26.593	5.779
26.697	5.777
26.800	5.775
26.905	5.778
27.012	5.775
27.117	5.766
27.221	5.765
27.325	5.768
27.431	5.769
27.535	5.766
27.639	5.754
27.744	5.757
27.849	5.758
27.953	5.760
28.059	5.751
28.164	5.747
28.269	5.745
28.373	5.751
28.479	5.750
28.583	5.741
28.689	5.734
28.794	5.736
28.900	5.744
29.004	5.738
29.109	5.731
29.213	5.726
29.318	5.728
29.423	5.729
29.527	5.724
29.633	5.721
29.738	5.720
29.843	5.720
29.947	5.716
30.053	5.715
30.158	5.710
30.264	5.710
30.369	5.712
30.474	5.710
30.579	5.706
30.684	5.696
30.788	5.699
30.894	5.701
30.999	5.702
31.104	5.692
31.210	5.691
31.316	5.691
31.420	5.694
31.525	5.691
31.629	5.685
31.735	5.682
31.839	5.683
31.945	5.687
32.051	5.680
32.155	5.681
32.260	5.676
32.365	5.677
32.469	5.679
32.574	5.675
32.678	5.668
32.783	5.668
32.888	5.673
32.992	5.669
33.098	5.665
33.202	5.660
33.308	5.660
33.412	5.663
33.517	5.660
33.621	5.653
33.726	5.649
33.831	5.651
33.936	5.652
34.041	5.648
34.147	5.641
34.253	5.637
34.358	5.641
34.464	5.640
34.569	5.639
34.675	5.630
34.779	5.629
34.886	5.632
34.989	5.633
35.094	5.631
35.199	5.624
35.304	5.619
35.408	5.624
35.513	5.627
35.617	5.617
35.722	5.611
35.827	5.612
35.933	5.616
36.039	5.612
36.144	5.610
36.248	5.603
36.353	5.610
36.459	5.604
36.565	5.607
36.668	5.598
36.773	5.590
36.878	5.598
36.982	5.596
37.086	5.594
37.192	5.584
37.296	5.586
37.401	5.587
37.505	5.594
37.612	5.582
37.716	5.575
37.821	5.578
37.925	5.579
38.031	5.581
38.135	5.575
38.240	5.565
38.345	5.566
38.451	5.568
38.555	5.566
38.661	5.560
38.766	5.551
38.870	5.557
38.976	5.565
39.080	5.555
39.186	5.555
39.290	5.546
39.395	5.551
39.500	5.552
39.606	5.552
39.710	5.533
39.815	5.543
39.919	5.545
40.025	5.543
40.129	5.535
40.233	5.532
40.338	5.531
40.443	5.534
40.549	5.536
40.653	5.524
40.758	5.521
40.862	5.522
40.967	5.519
41.071	5.518
41.175	5.512
41.279	5.509
41.385	5.510
41.490	5.510
41.596	5.506
41.699	5.502
41.806	5.500
41.912	5.499
42.017	5.501
42.122	5.494
42.228	5.493
42.333	5.492
42.438	5.492
42.543	5.490
42.648	5.488
42.752	5.484
42.857	5.485
42.962	5.487
43.066	5.486
43.172	5.485
43.278	5.478
43.383	5.481
43.488	5.480
43.593	5.475
43.699	5.472
43.803	5.470
43.909	5.470
44.013	5.471
44.118	5.470
44.224	5.463
44.329	5.460
44.435	5.461
44.539	5.460
44.643	5.457
44.748	5.456
44.853	5.450
44.959	5.446
45.064	5.446
45.168	5.443
45.272	5.443
45.377	5.440
45.482	5.434
45.585	5.438
45.690	5.434
45.794	5.429
45.897	5.425
46.002	5.428
46.108	5.430
46.214	5.425
46.318	5.422
46.423	5.420
46.529	5.418
46.633	5.414
46.738	5.412
46.843	5.409
46.948	5.410
47.052	5.410
47.157	5.406
47.262	5.403
47.367	5.399
47.471	5.400
47.577	5.399
47.682	5.399
47.787	5.392
47.892	5.393
47.998	5.392
48.102	5.396
48.206	5.389
48.311	5.385
48.416	5.385
48.521	5.385
48.626	5.384
48.731	5.383
48.835	5.382
48.939	5.377
49.045	5.378
49.150	5.374
49.255	5.372
49.359	5.369
49.463	5.368
49.569	5.366
49.675	5.365
49.781	5.365
49.885	5.360
49.991	5.358
50.095	5.358
50.201	5.357
50.306	5.348
50.410	5.349
50.516	5.346
50.621	5.345
50.726	5.340
50.829	5.338
50.936	5.337
51.041	5.334
51.146	5.336
51.250	5.333
51.356	5.331
51.460	5.332
51.565	5.331
51.670	5.331
51.776	5.325
51.881	5.319
51.986	5.320
52.091	5.321
52.196	5.317
52.302	5.317
52.408	5.308
52.513	5.308
52.619	5.306
52.724	5.307
52.829	5.301
52.935	5.301
53.041	5.298
53.146	5.298
53.251	5.297
53.355	5.293
53.461	5.286
53.566	5.293
53.672	5.294
53.778	5.283
53.882	5.282
53.988	5.289
54.093	5.290
54.199	5.284
54.303	5.278
54.406	5.271
54.510	5.272
54.616	5.275
54.720	5.272
54.825	5.266
54.930	5.265
55.035	5.266
55.139	5.264
55.243	5.264
55.348	5.260
55.452	5.255
55.557	5.255
55.662	5.255
55.766	5.253
55.872	5.248
55.975	5.248
56.081	5.248
56.186	5.250
56.291	5.245
56.396	5.242
56.500	5.239
56.606	5.236
56.710	5.240
56.816	5.233
56.921	5.233
57.026	5.231
57.131	5.229
57.235	5.232
57.338	5.227
57.444	5.224
57.548	5.225
57.653	5.222
57.756	5.221
57.861	5.219
57.965	5.215
58.069	5.209
58.176	5.211
58.280	5.211
58.386	5.209
58.491	5.205
58.597	5.207
58.703	5.207
58.807	5.201
58.914	5.196
59.018	5.199
59.123	5.195
59.228	5.193
59.334	5.190
59.439	5.188
59.543	5.184
59.648	5.183
59.753	5.185
59.857	5.181
59.963	5.177
60.067	5.177
60.172	5.175
60.278	5.175
60.383	5.168
60.487	5.166
60.591	5.167
60.695	5.167
60.801	5.164
60.907	5.160
61.013	5.159
61.117	5.160
61.221	5.156
61.326	5.148
61.430	5.151
61.535	5.148
61.641	5.145
61.746	5.156
61.851	5.145
61.956	5.141
62.061	5.136
62.166	5.139
62.271	5.130
62.377	5.142
62.483	5.126
62.587	5.128
62.692	5.128
62.798	5.124
62.903	5.116
63.007	5.123
63.111	5.116
63.216	5.119
63.320	5.116
63.426	5.117
63.532	5.115
63.636	5.106
63.742	5.106
63.847	5.108
63.951	5.105
64.056	5.103
64.161	5.099
64.265	5.100
64.370	5.100
64.476	5.095
64.581	5.096
64.685	5.092
64.791	5.089
64.895	5.090
65.000	5.084
65.106	5.081
65.211	5.079
65.317	5.083
65.423	5.077
65.528	5.075
65.632	5.074
65.737	5.071
65.841	5.072
65.946	5.068
66.050	5.065
66.156	5.064
66.261	5.062
66.366	5.062
66.470	5.060
66.576	5.058
66.681	5.056
66.785	5.055
66.890	5.050
66.994	5.050
67.099	5.046
67.205	5.046
67.311	5.044
67.417	5.044
67.522	5.041
67.628	5.041
67.734	5.037
67.839	5.037
67.943	5.034
68.049	5.029
68.153	5.027
68.259	5.026
68.365	5.025
68.471	5.024
68.576	5.018
68.680	5.019
68.786	5.018
68.891	5.016
68.996	5.015
69.100	5.008
69.206	5.009
69.311	5.010
69.415	5.008
69.521	5.004
69.625	5.002
69.731	5.002
69.836	5.001
69.940	4.998
70.046	4.994
70.150	4.995
70.256	4.990
70.360	4.985
70.466	4.988
70.570	4.981
70.676	4.983
70.781	4.987
70.885	4.980
70.990	4.976
71.096	4.979
71.200	4.976
71.304	4.970
71.409	4.973
71.513	4.966
71.617	4.965
71.722	4.967
71.827	4.965
71.934	4.960
72.038	4.964
72.143	4.963
72.248	4.951
72.353	4.954
72.459	4.953
72.566	4.954
72.670	4.947
72.776	4.946
72.880	4.945
72.986	4.943
73.091	4.942
73.196	4.939
73.300	4.938
73.405	4.937
73.511	4.932
73.615	4.932
73.721	4.929
73.826	4.927
73.931	4.926
74.036	4.919
74.142	4.923
74.246	4.922
74.351	4.919
74.456	4.922
74.561	4.916
74.665	4.915
74.769	4.908
74.873	4.915
74.978	4.911
75.084	4.906
75.189	4.904
75.294	4.903
75.399	4.903
75.503	4.902
75.607	4.897
75.713	4.896
75.818	4.897
75.923	4.892
76.028	4.891
76.133	4.888
76.238	4.887
76.344	4.882
76.449	4.884
76.556	4.881
76.660	4.880
76.764	4.878
76.869	4.874
76.974	4.875
77.078	4.872
77.183	4.872
77.288	4.867
77.393	4.869
77.496	4.862
77.601	4.862
77.706	4.859
77.810	4.863
77.915	4.861
78.021	4.855
78.125	4.854
78.231	4.851
78.336	4.850
78.439	4.850
78.545	4.846
78.651	4.840
78.756	4.846
78.861	4.839
78.967	4.838
79.072	4.831
79.177	4.845
79.282	4.828
79.387	4.830
79.493	4.835
79.598	4.825
79.702	4.826
79.806	4.828
79.910	4.823
80.016	4.820
80.120	4.819
80.226	4.817
80.331	4.813
80.436	4.815
80.541	4.810
80.647	4.812
80.751	4.809
80.856	4.805
80.961	4.800
81.066	4.800
81.170	4.801
81.276	4.799
81.381	4.797
81.486	4.794
81.590	4.795
81.695	4.791
81.800	4.789
81.905	4.788
82.009	4.786
82.114	4.783
82.218	4.781
82.324	4.782
82.430	4.777
82.535	4.777
82.642	4.773
82.745	4.772
82.850	4.773
82.957	4.771
83.062	4.766
83.167	4.767
83.273	4.764
83.378	4.758
83.483	4.761
83.589	4.758
83.694	4.758
83.799	4.757
83.904	4.751
84.009	4.748
84.114	4.749
84.218	4.746
84.323	4.745
84.429	4.741
84.534	4.738
84.639	4.740
84.745	4.735
84.850	4.732
84.956	4.730
85.061	4.729
85.166	4.722
85.271	4.728
85.377	4.727
85.482	4.720
85.585	4.722
85.691	4.721
85.796	4.718
85.900	4.718
86.006	4.715
86.111	4.713
86.215	4.711
86.321	4.711
86.426	4.706
86.531	4.701
86.636	4.699
86.741	4.704
86.846	4.703
86.951	4.695
87.055	4.693
87.161	4.693
87.266	4.697
87.371	4.692
87.476	4.683
87.580	4.687
87.685	4.688
87.790	4.684
87.896	4.676
88.001	4.676
88.105	4.679
88.210	4.681
88.316	4.670
88.421	4.673
88.526	4.672
88.631	4.669
88.736	4.661
88.843	4.669
88.948	4.663
89.053	4.660
89.158	4.657
89.262	4.657
89.366	4.657
89.471	4.654
89.576	4.651
89.681	4.647
89.786	4.650
89.890	4.651
89.996	4.646
90.101	4.647
90.205	4.640
90.310	4.638
90.416	4.637
90.521	4.635
90.626	4.634
90.731	4.631
90.837	4.630
90.941	4.630
91.046	4.627
91.153	4.624
91.257	4.622
91.363	4.619
91.468	4.617
91.573	4.618
91.677	4.615
91.783	4.614
91.889	4.613
91.995	4.609
92.100	4.606
92.205	4.606
92.311	4.602
92.416	4.602
92.520	4.602
92.624	4.597
92.731	4.599
92.835	4.594
92.941	4.591
93.046	4.591
93.152	4.589
93.257	4.589
93.363	4.584
93.467	4.587
93.571	4.580
93.678	4.576
93.783	4.579
93.889	4.574
93.993	4.576
94.098	4.574
94.203	4.573
94.308	4.569
94.413	4.568
94.518	4.566
94.623	4.563
94.727	4.561
94.833	4.560
94.939	4.560
95.043	4.556
95.148	4.554
95.253	4.549
95.357	4.550
95.461	4.547
95.566	4.549
95.671	4.544
95.778	4.541
95.881	4.539
95.985	4.537
96.090	4.535
96.196	4.535
96.300	4.529
96.406	4.531
96.511	4.531
96.616	4.528
96.721	4.523
96.828	4.523
96.934	4.522
97.038	4.518
97.144	4.520
97.250	4.517
97.355	4.512
97.461	4.512
97.566	4.511
97.669	4.510
97.774	4.508
97.880	4.509
97.985	4.503
98.091	4.504
98.195	4.500
98.300	4.495
98.403	4.492
98.509	4.491
98.613	4.494
98.718	4.490
98.824	4.491
98.928	4.486
99.033	4.482
99.139	4.484
99.245	4.486
99.351	4.478
99.455	4.477
99.561	4.474
99.665	4.474
99.771	4.470
99.875	4.472
99.981	4.471
100.086	4.465
100.191	4.464
100.297	4.465
100.401	4.459
100.507	4.458
100.612	4.458
100.717	4.456
100.821	4.453
100.926	4.454
101.031	4.451
101.135	4.449
101.241	4.447
101.346	4.444
101.450	4.443
101.556	4.442
101.660	4.441
101.766	4.439
101.870	4.438
101.976	4.433
102.081	4.430
102.186	4.430
102.291	4.427
102.396	4.427
102.501	4.427
102.605	4.425
102.711	4.421
102.816	4.419
102.920	4.418
103.025	4.417
103.129	4.415
103.234	4.410
103.339	4.412
103.443	4.409
103.548	4.409
103.653	4.405
103.759	4.407
103.864	4.403
103.969	4.401
104.074	4.399
104.179	4.397
104.284	4.397
104.388	4.395
104.493	4.392
104.597	4.391
104.703	4.391
104.808	4.390
104.913	4.384
105.017	4.386
105.123	4.382
105.228	4.381
105.333	4.380
105.438	4.380
105.543	4.374
105.647	4.371
105.751	4.370
105.857	4.370
105.961	4.366
106.066	4.364
106.170	4.360
106.276	4.362
106.380	4.361
106.484	4.360
106.589	4.354
106.694	4.355
106.798	4.354
106.903	4.350
107.008	4.349
107.113	4.348
107.219	4.350
107.323	4.345
107.429	4.344
107.534	4.340
107.638	4.339
107.744	4.337
107.848	4.331
107.953	4.333
108.058	4.331
108.163	4.328
108.269	4.327
108.373	4.327
108.479	4.322
108.583	4.320
108.689	4.322
108.796	4.318
108.901	4.315
109.005	4.314
109.110	4.313
109.216	4.313
109.320	4.310
109.425	4.306
109.531	4.304
109.635	4.305
109.741	4.299
109.846	4.301
109.950	4.297
110.056	4.297
110.161	4.296
110.266	4.293
110.371	4.289
110.476	4.290
110.581	4.288
110.685	4.285
110.791	4.285
110.895	4.282
110.999	4.280
111.105	4.281
111.209	4.276
111.315	4.274
111.420	4.276
111.525	4.270
111.631	4.269
111.736	4.269
111.840	4.267
111.944	4.266
112.050	4.264
112.154	4.261
112.259	4.258
112.364	4.259
112.469	4.254
112.573	4.252
112.679	4.251
112.784	4.249
112.889	4.248
112.994	4.246
113.099	4.247
113.206	4.241
113.311	4.239
113.417	4.239
113.523	4.234
113.628	4.234
113.733	4.235
113.838	4.227
113.943	4.228
114.049	4.226
114.153	4.225
114.258	4.223
114.364	4.222
114.469	4.221
114.573	4.218
114.679	4.217
114.783	4.215
114.888	4.216
114.993	4.212
115.097	4.208
115.201	4.207
115.306	4.208
115.410	4.203
115.516	4.203
115.621	4.202
115.725	4.197
115.831	4.197
115.936	4.199
116.040	4.193
116.145	4.190
116.252	4.187
116.356	4.184
116.460	4.186
116.565	4.186
116.670	4.181
116.776	4.179
116.883	4.178
116.988	4.177
117.093	4.175
117.199	4.172
117.304	4.171
117.409	4.166
117.513	4.167
117.618	4.165
117.723	4.162
117.829	4.164
117.934	4.160
118.039	4.158
118.144	4.156
118.250	4.156
118.355	4.152
118.461	4.152
118.566	4.149
118.671	4.147
118.776	4.146
118.880	4.142
118.985	4.142
119.091	4.141
119.197	4.137
119.302	4.135
119.406	4.133
119.511	4.133
119.615	4.129
119.721	4.127
119.826	4.125
119.931	4.125
120.036	4.123
120.141	4.120
120.245	4.116
120.349	4.118
120.455	4.116
120.561	4.116
120.666	4.114
120.770	4.108
120.874	4.111
120.978	4.108
121.084	4.106
121.188	4.104
121.293	4.099
121.399	4.100
121.504	4.097
121.609	4.095
121.714	4.095
121.818	4.091
121.924	4.089
122.031	4.086
122.135	4.088
122.240	4.084
122.346	4.085
122.451	4.084
122.556	4.079
122.660	4.079
122.766	4.076
122.870	4.075
122.976	4.070
123.081	4.070
123.186	4.071
123.290	4.066
123.395	4.065
123.501	4.061
123.606	4.062
123.711	4.062
123.816	4.057
123.921	4.054
124.027	4.057
124.131	4.054
124.235	4.051
124.341	4.049
124.447	4.047
124.551	4.047
124.656	4.044
124.760	4.040
124.866	4.040
124.969	4.039
125.074	4.035
125.180	4.033
125.285	4.031
125.391	4.032
125.496	4.028
125.602	4.027
125.705	4.028
125.811	4.026
125.916	4.021
126.021	4.023
126.126	4.018
126.230	4.018
126.336	4.015
126.440	4.010
126.546	4.013
126.651	4.010
126.756	4.006
126.861	4.005
126.966	4.005
127.072	4.001
127.178	3.998
127.283	3.995
127.389	3.995
127.495	3.995
127.601	3.994
127.706	3.990
127.811	3.991
127.916	3.988
128.020	3.982
128.126	3.982
128.230	3.980
128.336	3.980
128.442	3.979
128.548	3.976
128.653	3.971
128.759	3.974
128.864	3.966
128.968	3.964
129.074	3.965
129.179	3.962
129.284	3.963
129.388	3.961
129.493	3.958
129.599	3.959
129.703	3.955
129.808	3.952
129.913	3.952
130.018	3.948
130.123	3.946
130.229	3.945
130.334	3.945
130.439	3.941
130.543	3.938
130.648	3.936
130.753	3.938
130.858	3.938
130.963	3.933
131.069	3.932
131.173	3.928
131.277	3.929
131.383	3.927
131.486	3.925
131.591	3.922
131.696	3.924
131.800	3.920
131.904	3.920
132.009	3.918
132.114	3.915
132.218	3.913
132.324	3.912
132.429	3.909
132.536	3.906
132.641	3.904
132.745	3.905
132.851	3.902
132.956	3.898
133.061	3.896
133.166	3.897
133.270	3.896
133.376	3.890
133.480	3.890
133.585	3.887
133.691	3.887
133.795	3.885
133.901	3.885
134.005	3.883
134.111	3.880
134.218	3.881
134.322	3.879
134.427	3.878
134.532	3.876
134.638	3.871
134.743	3.873
134.849	3.870
134.953	3.867
135.059	3.866
135.164	3.861
135.269	3.862
135.376	3.861
135.480	3.853
135.586	3.855
135.691	3.855
135.796	3.853
135.901	3.850
136.006	3.847
136.111	3.845
136.216	3.844
136.322	3.843
136.428	3.837
136.532	3.837
136.638	3.840
136.744	3.833
136.849	3.834
136.954	3.833
137.058	3.832
137.164	3.829
137.268	3.827
137.373	3.823
137.479	3.826
137.583	3.821
137.687	3.822
137.791	3.817
137.897	3.819
138.002	3.816
138.107	3.814
138.213	3.813
138.318	3.807
138.424	3.807
138.529	3.805
138.633	3.806
138.739	3.803
138.843	3.799
138.949	3.797
139.056	3.799
139.161	3.797
139.265	3.791
139.371	3.791
139.478	3.789
139.583	3.789
139.688	3.785
139.792	3.785
139.898	3.782
140.004	3.785
140.108	3.781
140.213	3.776
140.318	3.777
140.423	3.773
140.527	3.775
140.633	3.770
140.739	3.768
140.844	3.767
140.948	3.762
141.052	3.763
141.157	3.763
141.263	3.760
141.369	3.755
141.474	3.757
141.578	3.754
141.683	3.752
141.788	3.749
141.893	3.746
141.997	3.749
142.101	3.745
142.208	3.742
142.312	3.745
142.418	3.741
142.523	3.741
142.628	3.735
142.733	3.731
142.837	3.733
142.942	3.726
143.046	3.731
143.150	3.726
143.255	3.729
143.359	3.722
143.465	3.722
143.570	3.717
143.676	3.719
143.781	3.712
143.886	3.714
143.991	3.713
144.096	3.712
144.201	3.708
144.306	3.707
144.411	3.705
144.516	3.704
144.620	3.703
144.723	3.701
144.829	3.698
144.933	3.695
145.039	3.692
145.143	3.695
145.248	3.691
145.354	3.691
145.459	3.688
145.564	3.684
145.668	3.682
145.773	3.682
145.878	3.682
145.984	3.677
146.088	3.679
146.193	3.676
146.298	3.673
146.404	3.671
146.509	3.670
146.614	3.665
146.718	3.664
146.823	3.664
146.929	3.665
147.033	3.661
147.137	3.658
147.241	3.658
147.346	3.660
147.450	3.651
147.555	3.651
147.661	3.651
147.765	3.648
147.871	3.648
147.975	3.644
148.080	3.645
148.186	3.642
148.292	3.640
148.396	3.638
148.501	3.638
148.607	3.635
148.711	3.635
148.816	3.631
148.921	3.627
149.025	3.627
149.131	3.626
149.236	3.626
149.341	3.620
149.445	3.620
149.549	3.620
149.656	3.614
149.760	3.615
149.866	3.613
149.970	3.609
150.076	3.610
150.181	3.608
150.286	3.605
150.390	3.601
150.496	3.601
150.600	3.597
150.706	3.599
150.810	3.596
150.915	3.596
151.019	3.592
151.126	3.592
151.231	3.590
151.336	3.588
151.442	3.588
151.546	3.586
151.652	3.582
151.756	3.582
151.861	3.580
151.967	3.576
152.073	3.574
152.177	3.576
152.281	3.572
152.386	3.571
152.489	3.569
152.594	3.568
152.699	3.564
152.804	3.565
152.910	3.565
153.013	3.560
153.119	3.559
153.223	3.555
153.329	3.554
153.433	3.555
153.539	3.549
153.644	3.547
153.748	3.548
153.853	3.545
153.958	3.545
154.062	3.542
154.167	3.542
154.272	3.536
154.376	3.534
154.481	3.536
154.586	3.532
154.690	3.531
154.796	3.530
154.901	3.531
155.006	3.528
155.111	3.525
155.216	3.527
155.320	3.519
155.425	3.517
155.531	3.519
155.636	3.517
155.741	3.514
155.846	3.508
155.952	3.509
156.056	3.510
156.162	3.508
156.267	3.504
156.373	3.504
156.477	3.501
156.581	3.502
156.687	3.497
156.792	3.494
156.897	3.496
157.001	3.492
157.106	3.494
157.211	3.491
157.316	3.488
157.421	3.484
157.526	3.484
157.632	3.484
157.736	3.478
157.842	3.478
157.948	3.476
158.053	3.474
158.159	3.475
158.263	3.471
158.369	3.466
158.473	3.468
158.579	3.468
158.684	3.465
158.788	3.459
158.893	3.459
158.999	3.461
159.103	3.459
159.208	3.453
159.314	3.450
159.419	3.451
159.524	3.450
159.628	3.448
159.734	3.449
159.837	3.446
159.942	3.445
160.048	3.444
160.152	3.442
160.256	3.438
160.361	3.436
160.466	3.430
160.572	3.433
160.677	3.431
160.781	3.431
160.886	3.426
160.992	3.427
161.096	3.423
161.202	3.421
161.308	3.418
161.413	3.417
161.518	3.417
161.623	3.414
161.729	3.412
161.833	3.409
161.937	3.413
162.042	3.408
162.148	3.403
162.254	3.404
162.359	3.403
162.465	3.401
162.570	3.395
162.674	3.397
162.779	3.396
162.884	3.393
162.988	3.395
163.094	3.388
163.200	3.388
163.306	3.385
163.411	3.385
163.516	3.388
163.622	3.380
163.726	3.378
163.831	3.375
163.936	3.376
164.040	3.376
164.145	3.372
164.250	3.368
164.354	3.369
164.459	3.365
164.563	3.366
164.669	3.366
164.773	3.360
164.878	3.359
164.983	3.356
165.088	3.357
165.193	3.352
165.298	3.351
165.404	3.349
165.508	3.353
165.612	3.350
165.716	3.347
165.822	3.340
165.929	3.345
166.034	3.341
166.140	3.339
166.245	3.336
166.350	3.334
166.456	3.332
166.561	3.332
166.666	3.331
166.770	3.330
166.876	3.332
166.981	3.326
167.086	3.320
167.191	3.321
167.296	3.319
167.400	3.319
167.506	3.312
167.610	3.312
167.715	3.314
167.821	3.312
167.926	3.309
168.031	3.308
168.135	3.306
168.241	3.305
168.346	3.300
168.451	3.298
168.556	3.297
168.661	3.300
168.766	3.297
168.871	3.294
168.976	3.288
169.081	3.288
169.187	3.286
169.292	3.288
169.397	3.283
169.504	3.278
169.609	3.278
169.715	3.279
169.821	3.278
169.926	3.274
170.030	3.270
170.136	3.271
170.241	3.271
170.346	3.265
170.451	3.269
170.556	3.264
170.661	3.261
170.767	3.259
170.872	3.262
170.977	3.259
171.083	3.255
171.188	3.251
171.293	3.252
171.398	3.249
171.502	3.250
171.608	3.249
171.713	3.245
171.818	3.245
171.923	3.241
172.027	3.238
172.132	3.240
172.238	3.235
172.342	3.234
172.446	3.232
172.551	3.232
172.656	3.230
172.761	3.227
172.865	3.225
172.971	3.225
173.075	3.219
173.181	3.220
173.287	3.217
173.391	3.217
173.496	3.216
173.602	3.216
173.705	3.213
173.811	3.211
173.916	3.209
174.020	3.206
174.126	3.206
174.230	3.203
174.335	3.201
174.438	3.198
174.544	3.199
174.649	3.198
174.755	3.194
174.861	3.190
174.965	3.188
175.070	3.188
175.176	3.187
175.280	3.185
175.384	3.184
175.489	3.181
175.594	3.179
175.699	3.178
175.804	3.181
175.907	3.174
176.012	3.170
176.116	3.167
176.221	3.168
176.326	3.164
176.430	3.164
176.536	3.163
176.641	3.160
176.745	3.155
176.850	3.156
176.956	3.158
177.061	3.154
177.166	3.147
177.270	3.147
177.376	3.151
177.481	3.147
177.586	3.142
177.691	3.141
177.796	3.143
177.901	3.140
178.006	3.136
178.110	3.136
178.216	3.135
178.321	3.130
178.426	3.129
178.531	3.128
178.636	3.130
178.741	3.125
178.846	3.121
178.951	3.121
179.056	3.123
179.161	3.119
179.266	3.115
179.371	3.111
179.478	3.112
179.582	3.109
179.688	3.109
179.794	3.102
179.899	3.106
180.003	3.104
180.109	3.098
180.213	3.099
180.319	3.096
180.423	3.096
180.528	3.093
180.634	3.092
180.739	3.096
180.844	3.088
180.949	3.084
181.053	3.085
181.158	3.081
181.263	3.083
181.368	3.083
181.474	3.076
181.579	3.078
181.683	3.072
181.789	3.071
181.893	3.073
181.999	3.068
182.103	3.064
182.208	3.065
182.312	3.066
182.417	3.065
182.522	3.060
182.628	3.056
182.733	3.057
182.838	3.057
182.943	3.055
183.048	3.049
183.154	3.051
183.259	3.047
183.364	3.045
183.469	3.046
183.573	3.044
183.680	3.040
183.785	3.041
183.891	3.037
183.996	3.037
184.101	3.039
184.206	3.029
184.311	3.028
184.415	3.030
184.519	3.030
184.623	3.025
184.728	3.022
184.833	3.025
184.937	3.022
185.041	3.016
185.146	3.019
185.251	3.015
185.355	3.012
185.462	3.010
185.566	3.009
185.671	3.009
185.776	3.009
185.882	3.002
185.988	3.002
186.093	3.002
186.198	3.002
186.304	2.995
186.409	2.997
186.513	2.993
186.618	2.989
186.724	2.991
186.829	2.989
186.933	2.990
187.039	2.985
187.144	2.982
187.249	2.982
187.354	2.979
187.458	2.978
187.563	2.978
187.669	2.978
187.773	2.975
187.878	2.973
187.983	2.966
188.087	2.968
188.193	2.967
188.299	2.967
188.404	2.959
188.508	2.963
188.613	2.958
188.717	2.958
188.821	2.958
188.926	2.956
189.031	2.953
189.136	2.950
189.241	2.950
189.346	2.948
189.450	2.946
189.556	2.945
189.662	2.941
189.766	2.942
189.872	2.939
189.978	2.938
190.083	2.934
190.187	2.937
190.293	2.931
190.399	2.931
190.503	2.928
190.608	2.931
190.713	2.924
190.819	2.925
190.923	2.921
191.028	2.921
191.133	2.916
191.238	2.916
191.343	2.914
191.448	2.912
191.554	2.910
191.659	2.906
191.764	2.908
191.869	2.905
191.973	2.904
192.078	2.901
192.183	2.903
192.287	2.896
192.391	2.896
192.496	2.896
192.601	2.895
192.705	2.891
192.811	2.891
192.915	2.890
193.019	2.887
193.123	2.886
193.229	2.885
193.334	2.883
193.439	2.883
193.543	2.878
193.649	2.876
193.755	2.878
193.860	2.877
193.965	2.873
194.069	2.869
194.174	2.870
194.279	2.868
194.383	2.862
194.489	2.864
194.594	2.863
194.699	2.863
194.803	2.857
194.909	2.857
195.014	2.854
195.119	2.852
195.224	2.851
195.329	2.850
195.433	2.847
195.537	2.846
195.642	2.847
195.746	2.842
195.851	2.840
195.956	2.836
196.061	2.836
196.165	2.837
196.270	2.831
196.376	2.829
196.481	2.827
196.586	2.830
196.691	2.828
196.796	2.826
196.901	2.820
197.006	2.819
197.110	2.819
197.216	2.820
197.321	2.820
197.426	2.818
197.530	2.815
197.635	2.812
197.741	2.811
197.846	2.808
197.952	2.807
198.056	2.802
198.160	2.800
198.265	2.798
198.370	2.799
198.475	2.792
198.580	2.793
198.684	2.793
198.789	2.792
198.894	2.789
198.999	2.787
199.104	2.785
199.210	2.782
199.315	2.784
199.419	2.781
199.524	2.777
199.628	2.780
199.734	2.773
199.838	2.774
199.944	2.774
200.048	2.770
200.154	2.767
200.259	2.770
200.363	2.767
200.469	2.763
200.574	2.766
200.679	2.761
200.784	2.761
200.888	2.754
200.993	2.756
201.098	2.756
201.202	2.751
201.306	2.750
201.411	2.749
201.516	2.745
201.621	2.743
201.725	2.745
201.829	2.742
201.934	2.739
202.038	2.735
202.144	2.737
202.248	2.733
202.354	2.737
202.458	2.735
202.563	2.730
202.668	2.731
202.772	2.724
202.878	2.726
202.983	2.725
203.089	2.722
203.195	2.719
203.300	2.720
203.404	2.716
203.508	2.718
203.614	2.712
203.718	2.713
203.823	2.711
203.928	2.709
204.032	2.708
204.138	2.704
204.244	2.700
204.348	2.701
204.453	2.700
204.559	2.696
204.663	2.695
204.767	2.696
204.872	2.692
204.976	2.688
205.082	2.691
205.188	2.685
205.292	2.685
205.398	2.682
205.503	2.681
205.608	2.681
205.714	2.680
205.819	2.676
205.923	2.675
206.029	2.675
206.134	2.672
206.239	2.671
206.345	2.669
206.449	2.668
206.555	2.665
206.659	2.665
206.764	2.662
206.869	2.661
206.974	2.659
207.079	2.659
207.184	2.655
207.289	2.653
207.394	2.655
207.498	2.649
207.604	2.651
207.711	2.647
207.816	2.645
207.921	2.645
208.026	2.641
208.130	2.638
208.234	2.636
208.339	2.639
208.444	2.633
208.549	2.635
208.655	2.634
208.761	2.632
208.866	2.629
208.971	2.628
209.076	2.625
209.181	2.624
209.286	2.623
209.391	2.618
209.496	2.623
209.602	2.618
209.707	2.618
209.812	2.613
209.917	2.612
210.023	2.611
210.128	2.610
210.233	2.607
210.339	2.605
210.444	2.601
210.549	2.601
210.653	2.599
210.759	2.597
210.864	2.595
210.969	2.596
211.074	2.592
211.179	2.589
211.283	2.587
211.389	2.587
211.493	2.587
211.598	2.585
211.703	2.583
211.808	2.581
211.911	2.579
212.016	2.579
212.121	2.578
212.226	2.576
212.332	2.573
212.438	2.573
212.544	2.569
212.648	2.570
212.754	2.563
212.858	2.563
212.962	2.561
213.068	2.560
213.173	2.560
213.277	2.557
213.383	2.554
213.489	2.553
213.593	2.553
213.698	2.550
213.803	2.549
213.909	2.546
214.013	2.543
214.118	2.539
214.224	2.542
214.330	2.536
214.434	2.540
214.540	2.534
214.646	2.535
214.751	2.533
214.856	2.532
214.962	2.529
215.066	2.527
215.172	2.525
215.278	2.524
215.384	2.523
215.488	2.518
215.594	2.517
215.701	2.519
215.806	2.516
215.912	2.513
216.015	2.511
216.121	2.510
216.226	2.509
216.330	2.509
216.434	2.506
216.539	2.504
216.644	2.499
216.749	2.497
216.854	2.498
216.960	2.498
217.064	2.493
217.169	2.494
217.274	2.491
217.379	2.490
217.484	2.491
217.588	2.486
217.693	2.482
217.798	2.482
217.904	2.483
218.009	2.480
218.113	2.479
218.217	2.478
218.321	2.473
218.426	2.471
218.532	2.472
218.636	2.469
218.742	2.465
218.848	2.470
218.953	2.466
219.059	2.464
219.164	2.459
219.268	2.460
219.374	2.461
219.479	2.459
219.584	2.456
219.690	2.454
219.795	2.454
219.901	2.451
220.006	2.449
220.111	2.446
220.216	2.447
220.321	2.441
220.426	2.443
220.531	2.441
220.636	2.439
220.742	2.437
220.848	2.439
220.951	2.436
221.057	2.433
221.163	2.430
221.268	2.433
221.373	2.425
221.479	2.426
221.584	2.423
221.688	2.422
221.793	2.416
221.898	2.417
222.003	2.419
222.109	2.416
222.213	2.415
222.319	2.411
222.423	2.410
222.529	2.411
222.634	2.405
222.739	2.402
222.843	2.404
222.948	2.401
223.052	2.397
223.156	2.398
223.261	2.394
223.366	2.397
223.471	2.393
223.576	2.389
223.682	2.391
223.786	2.385
223.891	2.385
223.996	2.386
224.100	2.382
224.205	2.385
224.311	2.380
224.416	2.376
224.520	2.377
224.626	2.374
224.731	2.372
224.836	2.368
224.941	2.370
225.046	2.367
225.150	2.367
225.256	2.363
225.361	2.362
225.466	2.360
225.572	2.358
225.678	2.359
225.784	2.360
225.889	2.359
225.994	2.352
226.099	2.349
226.203	2.352
226.308	2.348
226.414	2.346
226.519	2.344
226.624	2.345
226.729	2.341
226.834	2.340
226.939	2.336
227.045	2.337
227.150	2.336
227.254	2.334
227.360	2.328
227.465	2.330
227.571	2.329
227.675	2.326
227.780	2.321
227.886	2.321
227.991	2.325
228.096	2.321
228.201	2.317
228.306	2.316
228.411	2.313
228.516	2.311
228.622	2.311
228.728	2.307
228.832	2.306
228.938	2.305
229.043	2.304
229.148	2.301
229.254	2.299
229.359	2.299
229.464	2.297
229.568	2.293
229.673	2.290
229.778	2.290
229.883	2.292
229.989	2.288
230.094	2.285
230.199	2.284
230.303	2.283
230.409	2.281
230.515	2.279
230.619	2.279
230.724	2.276
230.830	2.273
230.936	2.274
231.040	2.273
231.144	2.273
231.250	2.268
231.355	2.266
231.460	2.265
231.566	2.262
231.670	2.260
231.776	2.257
231.880	2.259
231.986	2.254
232.091	2.254
232.196	2.247
232.301	2.252
232.407	2.249
232.513	2.245
232.617	2.246
232.722	2.243
232.826	2.242
232.931	2.236
233.035	2.236
233.141	2.237
233.246	2.234
233.351	2.234
233.455	2.231
233.560	2.229
233.666	2.230
233.772	2.225
233.877	2.226
233.982	2.222
234.086	2.221
234.191	2.219
234.296	2.217
234.401	2.213
234.506	2.214
234.611	2.213
234.716	2.211
234.821	2.206
234.926	2.209
235.030	2.204
235.136	2.203
235.240	2.202
235.346	2.203
235.451	2.199
235.556	2.197
235.661	2.198
235.766	2.195
235.872	2.196
235.976	2.192
236.081	2.185
236.185	2.188
236.290	2.184
236.395	2.185
236.501	2.185
236.606	2.181
236.711	2.179
236.816	2.178
236.921	2.178
237.026	2.173
237.132	2.173
237.237	2.170
237.343	2.168
237.446	2.170
237.551	2.169
237.656	2.167
237.761	2.165
237.866	2.161
237.971	2.161
238.075	2.158
238.180	2.157
238.285	2.157
238.390	2.153
238.494	2.151
238.599	2.152
238.704	2.148
238.808	2.146
238.913	2.145
239.020	2.141
239.126	2.140
239.231	2.143
239.336	2.139
239.441	2.136
239.546	2.136
239.652	2.134
239.756	2.130
239.862	2.131
239.966	2.127
240.072	2.126
240.176	2.124
240.281	2.124
240.386	2.120
240.491	2.120
240.597	2.118
240.703	2.116
240.809	2.115
240.914	2.110
241.021	2.111
241.126	2.108
241.231	2.107
241.336	2.107
241.441	2.104
241.546	2.102
241.651	2.099
241.756	2.100
241.861	2.096
241.966	2.095
242.071	2.092
242.175	2.091
242.281	2.092
242.386	2.089
242.492	2.087
242.596	2.085
242.700	2.081
242.806	2.083
242.913	2.079
243.018	2.079
243.123	2.074
243.227	2.074
243.332	2.071
243.437	2.071
243.540	2.072
243.646	2.067
243.751	2.066
243.856	2.064
243.961	2.064
244.066	2.059
244.170	2.060
244.276	2.057
244.382	2.059
244.486	2.054
244.591	2.050
244.696	2.053
244.801	2.048
244.905	2.048
245.010	2.046
245.116	2.047
245.222	2.045
245.329	2.043
245.434	2.042
245.539	2.039
245.643	2.037
245.749	2.034
245.853	2.030
245.958	2.030
246.062	2.031
246.167	2.029
246.271	2.027
246.376	2.027
246.482	2.025
246.586	2.022
246.691	2.019
246.796	2.019
246.901	2.021
247.005	2.015
247.112	2.013
247.216	2.012
247.321	2.010
247.425	2.008
247.531	2.003
247.636	2.007
247.741	2.003
247.846	2.002
247.951	1.999
248.056	1.997
248.161	2.001
248.266	1.995
248.372	1.995
248.479	1.991
248.583	1.990
248.689	1.989
248.795	1.985
248.901	1.985
249.005	1.983
249.111	1.982
249.216	1.983
249.321	1.976
249.425	1.976
249.531	1.975
249.636	1.975
249.740	1.971
249.845	1.969
249.951	1.968
250.056	1.967
250.161	1.964
250.265	1.966
250.371	1.959
250.476	1.961
250.581	1.959
250.686	1.956
250.791	1.955
250.896	1.957
251.001	1.953
251.106	1.950
251.211	1.949
251.316	1.949
251.421	1.943
251.527	1.942
251.631	1.943
251.736	1.939
251.841	1.939
251.946	1.936
252.050	1.936
252.155	1.939
252.261	1.932
252.366	1.935
252.471	1.928
252.575	1.929
252.680	1.926
252.786	1.924
252.891	1.924
252.996	1.922
253.100	1.920
253.206	1.916
253.311	1.916
253.416	1.917
253.520	1.916
253.626	1.912
253.732	1.907
253.837	1.908
253.941	1.909
254.046	1.905
254.150	1.901
254.255	1.899
254.361	1.899
254.466	1.898
254.572	1.896
254.677	1.893
254.783	1.891
254.887	1.888
254.993	1.889
255.098	1.890
255.202	1.884
255.307	1.885
255.412	1.881
255.516	1.884
255.621	1.883
255.726	1.874
255.831	1.877
255.936	1.872
256.042	1.874
256.147	1.870
256.251	1.870
256.356	1.865
256.462	1.868
256.566	1.866
256.671	1.863
256.776	1.860
256.881	1.859
256.986	1.859
257.090	1.856
257.194	1.857
257.300	1.853
257.404	1.853
257.508	1.849
257.613	1.847
257.719	1.846
257.823	1.848
257.927	1.841
258.031	1.844
258.138	1.838
258.243	1.840
258.348	1.839
258.452	1.838
258.557	1.831
258.661	1.830
258.766	1.830
258.873	1.829
258.978	1.825
259.084	1.824
259.189	1.823
259.294	1.821
259.399	1.821
259.504	1.814
259.609	1.816
259.713	1.811
259.818	1.814
259.923	1.811
260.029	1.809
260.133	1.807
260.238	1.807
260.342	1.803
260.448	1.804
260.553	1.802
260.659	1.799
260.765	1.799
260.871	1.794
260.976	1.796
261.081	1.795
261.186	1.792
261.291	1.792
261.396	1.790
261.501	1.786
261.606	1.786
261.711	1.784
261.816	1.778
261.921	1.779
262.026	1.779
262.131	1.778
262.236	1.775
262.341	1.779
262.446	1.774
262.551	1.773
262.656	1.769
262.762	1.770
262.866	1.766
262.971	1.763
263.076	1.759
263.181	1.760
263.286	1.761
263.392	1.760
263.497	1.759
263.601	1.756
263.706	1.753
263.811	1.749
263.916	1.748
264.021	1.743
264.126	1.744
264.232	1.743
264.336	1.741
264.442	1.739
264.546	1.737
264.651	1.738
264.755	1.735
264.860	1.732
264.963	1.730
265.067	1.728
265.171	1.729
265.276	1.727
265.381	1.724
265.486	1.727
265.590	1.725
265.696	1.721
265.800	1.719
265.906	1.717
266.010	1.717
266.114	1.718
266.218	1.714
266.323	1.713
266.429	1.709
266.534	1.708
266.638	1.706
266.743	1.704
266.847	1.702
266.951	1.703
267.057	1.699
267.161	1.698
267.266	1.695
267.371	1.695
267.476	1.692
267.581	1.689
267.686	1.689
267.790	1.687
267.895	1.685
268.000	1.685
268.105	1.680
268.210	1.681
268.316	1.681
268.420	1.679
268.526	1.676
268.631	1.674
268.737	1.674
268.842	1.672
268.946	1.670
269.051	1.670
269.156	1.664
269.260	1.665
269.365	1.662
269.471	1.659
269.576	1.660
269.681	1.660
269.786	1.653
269.892	1.657
269.998	1.654
270.103	1.654
270.208	1.650
270.313	1.649
270.419	1.647
270.524	1.644
270.628	1.643
270.733	1.642
270.838	1.640
270.944	1.638
271.047	1.637
271.153	1.635
271.257	1.635
271.362	1.634
271.468	1.631
271.572	1.630
271.676	1.630
271.781	1.625
271.886	1.624
271.991	1.622
272.097	1.623
272.203	1.619
272.308	1.616
272.413	1.613
272.517	1.613
272.621	1.615
272.727	1.611
272.831	1.609
272.936	1.609
273.042	1.604
273.146	1.605
273.251	1.602
273.356	1.602
273.461	1.598
273.567	1.596
273.671	1.596
273.776	1.599
273.882	1.596
273.986	1.592
274.091	1.587
274.196	1.588
274.301	1.588
274.406	1.584
274.510	1.583
274.615	1.584
274.721	1.578
274.826	1.579
274.932	1.577
275.036	1.575
275.141	1.574
275.246	1.572
275.352	1.571
275.457	1.571
275.561	1.566
275.666	1.566
275.771	1.564
275.876	1.562
275.981	1.557
276.086	1.559
276.190	1.555
276.296	1.555
276.401	1.554
276.506	1.556
276.611	1.551
276.716	1.547
276.821	1.547
276.927	1.545
277.031	1.543
277.136	1.543
277.240	1.546
277.346	1.539
277.451	1.536
277.555	1.536
277.661	1.533
277.768	1.533
277.873	1.532
277.977	1.529
278.081	1.527
278.186	1.524
278.290	1.524
278.396	1.523
278.502	1.519
278.607	1.516
278.712	1.519
278.816	1.518
278.921	1.514
279.025	1.514
279.131	1.511
279.236	1.510
279.341	1.508
279.445	1.505
279.550	1.502
279.654	1.501
279.760	1.500
279.864	1.499
279.968	1.498
280.074	1.494
280.178	1.494
280.283	1.493
280.389	1.492
280.494	1.489
280.599	1.488
280.704	1.489
280.808	1.485
280.914	1.484
281.019	1.482
281.124	1.483
281.229	1.479
281.333	1.475
281.438	1.475
281.544	1.474
281.649	1.471
281.753	1.469
281.859	1.471
281.964	1.468
282.069	1.466
282.173	1.462
282.279	1.462
282.386	1.460
282.492	1.458
282.596	1.456
282.701	1.457
282.806	1.455
282.909	1.450
283.014	1.450
283.119	1.447
283.223	1.447
283.328	1.445
283.432	1.447
283.538	1.443
283.643	1.438
283.748	1.439
283.853	1.438
283.958	1.436
284.064	1.433
284.169	1.431
284.274	1.431
284.379	1.426
284.483	1.427
284.587	1.429
284.693	1.425
284.797	1.423
284.902	1.421
285.008	1.420
285.114	1.417
285.218	1.416
285.324	1.415
285.431	1.415
285.535	1.412
285.641	1.409
285.746	1.409
285.851	1.407
285.957	1.405
286.062	1.402
286.166	1.404
286.271	1.400
286.376	1.401
286.480	1.396
286.586	1.394
286.690	1.393
286.796	1.391
286.901	1.392
287.004	1.387
287.109	1.386
287.214	1.383
287.319	1.381
287.423	1.382
287.528	1.380
287.633	1.380
287.739	1.379
287.844	1.376
287.949	1.372
288.053	1.371
288.159	1.367
288.264	1.369
288.370	1.367
288.475	1.365
288.580	1.364
288.686	1.363
288.791	1.360
288.896	1.358
289.001	1.358
289.106	1.358
289.212	1.354
289.318	1.349
289.423	1.353
289.527	1.348
289.632	1.350
289.738	1.347
289.842	1.346
289.948	1.342
290.053	1.340
290.159	1.338
290.264	1.339
290.369	1.337
290.473	1.332
290.578	1.333
290.684	1.331
290.790	1.331
290.894	1.326
290.999	1.326
291.103	1.326
291.207	1.324
291.313	1.321
291.417	1.315
291.523	1.321
291.629	1.320
291.733	1.313
291.837	1.313
291.942	1.312
292.046	1.314
292.152	1.309
292.258	1.306
292.364	1.308
292.468	1.305
292.574	1.299
292.679	1.303
292.783	1.297
292.888	1.298
292.993	1.294
293.098	1.294
293.204	1.293
293.309	1.291
293.413	1.287
293.519	1.289
293.623	1.288
293.729	1.286
293.834	1.288
293.939	1.279
294.044	1.280
294.149	1.277
294.253	1.278
294.359	1.274
294.464	1.274
294.570	1.271
294.676	1.268
294.779	1.268
294.885	1.267
294.990	1.267
295.096	1.266
295.201	1.261
295.306	1.262
295.410	1.256
295.514	1.255
295.619	1.252
295.724	1.253
295.830	1.251
295.935	1.252
296.040	1.248
296.146	1.248
296.250	1.244
296.355	1.244
296.461	1.243
296.566	1.240
296.671	1.241
296.776	1.238
296.883	1.237
296.988	1.233
297.092	1.230
297.198	1.230
297.303	1.229
297.409	1.231
297.514	1.227
297.619	1.226
297.723	1.225
297.829	1.224
297.935	1.218
298.039	1.217
298.144	1.217
298.249	1.216
298.353	1.210
298.457	1.211
298.561	1.207
298.666	1.211
298.770	1.205
298.876	1.202
298.980	1.200
299.085	1.201
299.190	1.200
299.294	1.195
299.399	1.195
299.503	1.195
299.609	1.191
299.713	1.190
299.819	1.189
299.924	1.189
300.030	1.184
300.134	1.184
300.239	1.182
300.344	1.182
300.449	1.182
300.556	1.179
300.661	1.179
300.766	1.175
300.871	1.173
300.976	1.170
301.081	1.171
301.186	1.170
301.292	1.167
301.396	1.165
301.501	1.162
301.606	1.161
301.711	1.162
301.815	1.158
301.919	1.159
302.024	1.157
302.128	1.155
302.232	1.154
302.336	1.152
302.441	1.148
302.545	1.149
302.651	1.148
302.755	1.145
302.859	1.143
302.964	1.142
303.070	1.140
303.174	1.138
303.279	1.137
303.383	1.131
303.488	1.134
303.592	1.133
303.699	1.131
303.804	1.129
303.909	1.127
304.015	1.127
304.120	1.123
304.226	1.122
304.331	1.119
304.436	1.120
304.542	1.119
304.648	1.115
304.752	1.114
304.858	1.113
304.963	1.111
305.067	1.111
305.172	1.109
305.278	1.106
305.384	1.107
305.489	1.102
305.593	1.104
305.699	1.098
305.804	1.098
305.909	1.097
306.014	1.094
306.118	1.093
306.224	1.091
306.330	1.094
306.434	1.086
306.538	1.091
306.643	1.089
306.749	1.081
306.854	1.081
306.959	1.078
307.064	1.080
307.169	1.080
307.274	1.079
307.379	1.076
307.484	1.073
307.590	1.073
307.694	1.066
307.799	1.067
307.904	1.070
308.009	1.066
308.114	1.065
308.219	1.064
308.324	1.059
308.429	1.058
308.534	1.056
308.639	1.053
308.744	1.054
308.848	1.054
308.952	1.050
309.057	1.049
309.162	1.048
309.267	1.043
309.371	1.043
309.477	1.042
309.581	1.038
309.685	1.039
309.791	1.036
309.896	1.034
310.002	1.034
310.107	1.029
310.212	1.028
310.317	1.029
310.421	1.027
310.526	1.026
310.631	1.023
310.736	1.023
310.842	1.022
310.947	1.018
311.051	1.020
311.156	1.015
311.262	1.016
311.366	1.013
311.471	1.014
311.575	1.007
311.680	1.009
311.784	1.005
311.889	1.002
311.994	1.005
312.099	1.001
312.204	1.000
312.309	0.996
312.414	0.997
312.519	0.992
312.624	0.994
312.729	0.993
312.834	0.991
312.939	0.989
313.044	0.987
313.150	0.985
313.254	0.982
313.360	0.985
313.466	0.981
313.570	0.981
313.676	0.981
313.779	0.977
313.885	0.973
313.990	0.973
314.094	0.970
314.198	0.967
314.302	0.966
314.408	0.968
314.513	0.962
314.619	0.962
314.723	0.962
314.829	0.960
314.934	0.959
315.040	0.959
315.144	0.954
315.249	0.953
315.355	0.950
315.460	0.951
315.566	0.946
315.670	0.947
315.775	0.945
315.880	0.941
315.986	0.944
316.091	0.941
316.196	0.939
316.302	0.937
316.406	0.936
316.511	0.933
316.616	0.931
316.720	0.927
316.826	0.927
316.932	0.928
317.036	0.925
317.141	0.924
317.246	0.923
317.351	0.920
317.455	0.920
317.561	0.916
317.666	0.917
317.772	0.915
317.877	0.915
317.981	0.911
318.086	0.912
318.191	0.909
318.296	0.907
318.402	0.907
318.507	0.905
318.612	0.903
318.716	0.901
318.820	0.902
318.926	0.899
319.032	0.898
319.138	0.894
319.242	0.892
319.347	0.892
319.451	0.889
319.556	0.889
319.661	0.890
319.766	0.884
319.872	0.883
319.977	0.879
320.082	0.876
320.187	0.881
320.292	0.876
320.397	0.874
320.502	0.874
320.608	0.871
320.713	0.872
320.819	0.867
320.924	0.867
321.028	0.863
321.133	0.863
321.238	0.863
321.342	0.858
321.448	0.858
321.553	0.859
321.658	0.857
321.764	0.852
321.870	0.854
321.974	0.850
322.079	0.850
322.185	0.850
322.289	0.849
322.394	0.846
322.499	0.844
322.604	0.839
322.709	0.842
322.814	0.835
322.919	0.836
323.023	0.836
323.127	0.838
323.231	0.832
323.336	0.833
323.441	0.825
323.545	0.830
323.650	0.823
323.756	0.825
323.861	0.823
323.964	0.818
324.069	0.817
324.174	0.817
324.279	0.815
324.383	0.814
324.488	0.811
324.593	0.810
324.699	0.810
324.803	0.807
324.909	0.806
325.015	0.804
325.119	0.803
325.224	0.800
325.330	0.799
325.434	0.800
325.538	0.796
325.643	0.795
325.748	0.793
325.852	0.795
325.956	0.793
326.062	0.788
326.167	0.789
326.272	0.784
326.378	0.782
326.482	0.780
326.588	0.781
326.693	0.777
326.799	0.777
326.904	0.773
327.009	0.775
327.114	0.772
327.219	0.770
327.323	0.772
327.428	0.767
327.533	0.767
327.638	0.764
327.742	0.762
327.847	0.760
327.952	0.761
328.057	0.760
328.161	0.757
328.265	0.756
328.371	0.750
328.476	0.752
328.581	0.752
328.686	0.748
328.790	0.747
328.896	0.745
329.002	0.746
329.108	0.743
329.214	0.743
329.319	0.739
329.424	0.737
329.529	0.735
329.633	0.734
329.738	0.732
329.844	0.731
329.949	0.728
330.053	0.729
330.158	0.728
330.262	0.722
330.368	0.722
330.472	0.720
330.578	0.720
330.683	0.718
330.788	0.717
330.891	0.714
330.996	0.712
331.100	0.710
331.206	0.708
331.312	0.709
331.416	0.707
331.521	0.707
331.626	0.705
331.731	0.702
331.836	0.703
331.942	0.698
332.048	0.696
332.152	0.696
332.256	0.694
332.360	0.694
332.465	0.690
332.570	0.689
332.676	0.691
332.781	0.685
332.886	0.686
332.990	0.679
333.095	0.681
333.200	0.677
333.305	0.678
333.410	0.676
333.514	0.674
333.620	0.674
333.726	0.671
333.831	0.671
333.936	0.669
334.041	0.668
334.145	0.667
334.251	0.665
334.356	0.663
334.462	0.660
334.567	0.660
334.672	0.659
334.777	0.657
334.882	0.655
334.986	0.652
335.091	0.649
335.196	0.651
335.301	0.649
335.406	0.646
335.511	0.646
335.616	0.643
335.721	0.644
335.826	0.638
335.930	0.638
336.036	0.636
336.141	0.637
336.246	0.635
336.351	0.634
336.457	0.632
336.562	0.629
336.669	0.627
336.773	0.627
336.879	0.623
336.984	0.621
337.088	0.621
337.193	0.623
337.299	0.620
337.403	0.617
337.509	0.616
337.613	0.614
337.719	0.612
337.823	0.609
337.928	0.610
338.033	0.608
338.139	0.607
338.245	0.607
338.351	0.603
338.457	0.600
338.562	0.600
338.666	0.596
338.771	0.598
338.875	0.594
338.980	0.594
339.085	0.594
339.189	0.588
339.294	0.588
339.399	0.589
339.503	0.585
339.608	0.586
339.713	0.580
339.818	0.579
339.923	0.581
340.029	0.576
340.134	0.572
340.239	0.576
340.344	0.570
340.448	0.573
340.552	0.568
340.659	0.567
340.764	0.565
340.870	0.563
340.974	0.565
341.080	0.563
341.185	0.560
341.289	0.556
341.394	0.557
341.499	0.556
341.603	0.553
341.709	0.554
341.814	0.552
341.919	0.548
342.023	0.547
342.128	0.546
342.233	0.544
342.338	0.542
342.444	0.539
342.548	0.540
342.652	0.536
342.757	0.537
342.861	0.532
342.966	0.534
343.071	0.534
343.176	0.532
343.280	0.528
343.386	0.529
343.492	0.521
343.596	0.524
343.700	0.524
343.806	0.523
343.911	0.516
344.016	0.519
344.120	0.514
344.226	0.516
344.331	0.515
344.436	0.515
344.541	0.510
344.646	0.508
344.752	0.508
344.858	0.507
344.962	0.502
345.068	0.504
345.172	0.501
345.277	0.499
345.382	0.499
345.486	0.497
345.590	0.496
345.696	0.492
345.802	0.489
345.908	0.486
346.014	0.488
346.119	0.483
346.222	0.486
346.327	0.482
346.433	0.481
346.539	0.483
346.643	0.479
346.749	0.478
346.853	0.477
346.959	0.472
347.064	0.468
347.168	0.469
347.273	0.466
347.378	0.468
347.482	0.463
347.588	0.466
347.695	0.465
347.799	0.459
347.904	0.460
348.009	0.461
348.114	0.457
348.220	0.456
348.324	0.454
348.429	0.450
348.533	0.454
348.637	0.446
348.743	0.447
348.847	0.445
348.951	0.446
349.057	0.444
349.162	0.442
349.266	0.440
349.371	0.440
349.475	0.435
349.580	0.434
349.685	0.435
349.791	0.430
349.896	0.432
350.000	0.430
350.105	0.427
350.212	0.422
350.316	0.424
350.421	0.423
350.525	0.421
350.630	0.418
350.736	0.414
350.841	0.413
350.945	0.414
351.051	0.412
351.156	0.410
351.262	0.410
351.368	0.407
351.473	0.405
351.578	0.404
351.684	0.403
351.788	0.404
351.893	0.402
351.997	0.397
352.102	0.397
352.208	0.396
352.313	0.395
352.418	0.390
352.523	0.394
352.629	0.391
352.734	0.388
352.839	0.385
352.945	0.386
353.050	0.384
353.155	0.385
353.261	0.380
353.366	0.378
353.470	0.378
353.575	0.379
353.680	0.373
353.785	0.373
353.892	0.369
353.996	0.370
354.100	0.368
354.205	0.364
354.311	0.365
354.416	0.365
354.522	0.363
354.627	0.361
354.731	0.360
354.836	0.359
354.941	0.357
355.045	0.355
355.151	0.354
355.257	0.352
355.361	0.350
355.466	0.347
355.571	0.346
355.676	0.346
355.781	0.345
355.886	0.340
355.992	0.341
356.096	0.338
356.201	0.336
356.306	0.339
356.410	0.333
356.516	0.335
356.621	0.328
356.727	0.329
356.832	0.329
356.936	0.326
357.042	0.325
357.146	0.325
357.250	0.323
357.356	0.323
357.462	0.322
357.568	0.318
357.673	0.317
357.780	0.314
357.885	0.313
357.989	0.308
358.094	0.312
358.199	0.310
358.303	0.307
358.409	0.305
358.514	0.303
358.619	0.302
358.723	0.299
358.830	0.301
358.936	0.298
359.042	0.296
359.145	0.295
359.251	0.295
359.356	0.294
359.461	0.290
359.566	0.291
359.672	0.286
359.777	0.289
359.883	0.286
359.988	0.282
360.094	0.280
360.199	0.279
360.304	0.279
360.409	0.277
360.514	0.277
360.620	0.274
360.726	0.271
360.831	0.274
360.936	0.269
361.040	0.268
361.144	0.264
361.249	0.266
361.353	0.263
361.459	0.261
361.564	0.262
361.669	0.259
361.774	0.256
361.879	0.256
361.982	0.254
362.088	0.253
362.193	0.252
362.299	0.250
362.404	0.247
362.509	0.248
362.614	0.243
362.719	0.244
362.825	0.240
362.929	0.238
363.034	0.236
363.139	0.234
363.244	0.234
363.349	0.232
363.454	0.232
363.559	0.228
363.665	0.230
363.770	0.228
363.875	0.228
363.981	0.225
364.085	0.225
364.189	0.224
364.295	0.222
364.398	0.221
364.504	0.217
364.608	0.217
364.714	0.215
364.819	0.216
364.925	0.216
365.030	0.214
365.135	0.209
365.239	0.213
365.344	0.208
365.450	0.210
365.555	0.207
365.661	0.206
365.765	0.206
365.871	0.204
365.975	0.205
366.082	0.202
366.186	0.204
366.291	0.204
366.396	0.203
366.500	0.200
366.604	0.199
366.709	0.195
366.814	0.197
366.919	0.198
367.024	0.198
367.129	0.194
367.234	0.191
367.338	0.190
367.444	0.190
367.548	0.190
367.654	0.191
367.758	0.190
367.864	0.188
367.969	0.184
368.073	0.185
368.179	0.186
368.284	0.185
368.389	0.184
368.495	0.186
368.599	0.181
368.703	0.183
368.809	0.182
368.914	0.181
369.020	0.178
369.126	0.179
369.230	0.178
369.336	0.179
369.442	0.177
369.546	0.177
369.651	0.174
369.756	0.177
369.861	0.178
369.966	0.176
370.072	0.172
370.178	0.174
370.283	0.175
370.388	0.174
370.493	0.171
370.597	0.172
370.703	0.169
370.808	0.165
370.912	0.170
371.016	0.169
371.122	0.165
371.228	0.168
371.332	0.165
371.436	0.168
371.541	0.164
371.646	0.164
371.750	0.167
371.855	0.164
371.959	0.158
372.064	0.160
372.169	0.162
372.274	0.159
372.379	0.162
372.484	0.159
372.589	0.156
372.694	0.156
372.799	0.158
372.904	0.157
373.008	0.157
373.114	0.157
373.219	0.158
373.324	0.156
373.429	0.152
373.534	0.153
373.640	0.155
373.744	0.154
373.849	0.153
373.954	0.155
374.059	0.155
374.164	0.150
374.269	0.151
374.374	0.151
374.478	0.152
374.582	0.151
374.686	0.151
374.791	0.151
374.896	0.150
375.001	0.149
375.106	0.150
375.210	0.149
375.316	0.146
375.421	0.148
375.527	0.148
375.631	0.147
375.736	0.147
375.842	0.147
375.948	0.146
376.054	0.145
376.159	0.147
376.264	0.144
376.369	0.142
376.474	0.146
