32.658	5.912
32.767	5.906
32.872	5.898
32.977	5.897
33.082	5.902
33.187	5.907
33.293	5.891
33.398	5.881
33.503	5.875
33.608	5.874
33.712	5.863
33.817	5.846
33.922	5.830
34.028	5.828
34.133	5.823
34.237	5.813
34.343	5.796
34.448	5.784
34.553	5.784
34.657	5.778
34.761	5.765
34.866	5.748
34.971	5.739
35.075	5.739
35.181	5.731
35.286	5.712
35.390	5.696
35.495	5.691
35.600	5.688
35.704	5.682
35.810	5.664
35.916	5.651
36.020	5.646
36.124	5.645
36.230	5.635
36.334	5.620
36.438	5.603
36.544	5.601
36.650	5.601
36.756	5.584
36.862	5.574
36.968	5.557
37.073	5.556
37.178	5.548
37.285	5.536
37.388	5.519
37.494	5.511
37.600	5.511
37.705	5.507
37.809	5.489
37.914	5.475
38.020	5.463
38.124	5.463
38.229	5.458
38.335	5.443
38.440	5.423
38.546	5.419
38.650	5.418
38.755	5.409
38.859	5.393
38.963	5.376
39.069	5.378
39.174	5.371
39.280	5.360
39.384	5.345
39.489	5.334
39.595	5.329
39.701	5.325
39.806	5.309
39.910	5.295
40.015	5.285
40.121	5.283
40.226	5.278
40.330	5.263
40.434	5.247
40.541	5.241
40.645	5.237
40.750	5.229
40.856	5.215
40.961	5.204
41.066	5.197
41.170	5.191
41.275	5.185
41.381	5.168
41.485	5.155
41.590	5.149
41.693	5.145
41.799	5.138
41.906	5.123
42.010	5.108
42.115	5.104
42.221	5.100
42.326	5.090
42.430	5.075
42.535	5.063
42.640	5.062
42.746	5.050
42.851	5.042
42.955	5.025
43.060	5.014
43.165	5.011
43.270	5.007
43.374	4.995
43.480	4.981
43.584	4.971
43.689	4.967
43.794	4.962
43.899	4.948
44.004	4.936
44.109	4.925
44.214	4.922
44.318	4.916
44.423	4.904
44.528	4.888
44.633	4.880
44.737	4.875
44.842	4.871
44.948	4.854
45.052	4.844
45.157	4.834
45.262	4.831
45.367	4.821
45.471	4.808
45.575	4.796
45.681	4.787
45.786	4.783
45.890	4.776
45.993	4.765
46.098	4.751
46.202	4.743
46.306	4.734
46.410	4.732
46.516	4.716
46.620	4.702
46.725	4.701
46.829	4.692
46.934	4.685
47.040	4.676
47.146	4.657
47.251	4.652
47.356	4.647
47.460	4.641
47.564	4.626
47.669	4.616
47.773	4.609
47.879	4.602
47.983	4.591
48.088	4.580
48.192	4.572
48.297	4.563
48.402	4.558
48.507	4.549
48.612	4.533
48.718	4.523
48.824	4.513
48.927	4.507
49.032	4.500
49.137	4.488
49.243	4.473
49.347	4.470
49.451	4.464
49.556	4.454
49.660	4.441
49.764	4.432
49.869	4.428
49.973	4.419
50.078	4.408
50.182	4.395
50.286	4.384
50.391	4.381
50.496	4.373
50.601	4.362
50.705	4.354
50.810	4.342
50.916	4.336
51.020	4.333
51.125	4.319
51.231	4.310
51.335	4.301
51.440	4.298
51.545	4.289
51.649	4.277
51.754	4.264
51.859	4.257
51.964	4.255
52.070	4.245
52.175	4.232
52.279	4.219
52.384	4.214
52.490	4.207
52.595	4.197
52.700	4.188
52.804	4.174
52.909	4.169
53.015	4.162
53.120	4.157
53.225	4.143
53.330	4.132
53.436	4.126
53.540	4.118
53.646	4.110
53.750	4.101
53.854	4.089
53.960	4.081
54.065	4.070
54.169	4.068
54.275	4.049
54.381	4.041
54.485	4.037
54.590	4.028
54.695	4.019
54.802	4.008
54.905	3.996
55.010	3.989
55.116	3.988
55.220	3.979
55.326	3.961
55.430	3.951
55.536	3.944
55.641	3.937
55.746	3.930
55.851	3.915
55.955	3.906
56.060	3.900
56.164	3.893
56.268	3.887
56.373	3.875
56.477	3.860
56.583	3.856
56.688	3.849
56.793	3.842
56.900	3.830
57.003	3.820
57.109	3.810
57.215	3.804
57.320	3.794
57.425	3.785
57.529	3.775
57.635	3.764
57.741	3.758
57.845	3.749
57.949	3.743
58.055	3.729
58.160	3.720
58.265	3.713
58.369	3.708
58.474	3.697
58.579	3.685
58.685	3.679
58.789	3.670
58.894	3.661
58.999	3.652
59.105	3.642
59.211	3.630
59.316	3.628
59.420	3.616
59.526	3.608
59.630	3.595
59.736	3.588
59.840	3.582
59.946	3.574
60.051	3.564
60.156	3.555
60.260	3.542
60.365	3.536
60.470	3.527
60.575	3.516
60.681	3.505
60.786	3.497
60.890	3.495
60.996	3.488
61.101	3.473
61.206	3.463
61.310	3.454
61.416	3.450
61.520	3.439
61.625	3.431
61.731	3.417
61.836	3.410
61.941	3.402
62.046	3.395
62.151	3.387
62.256	3.377
62.362	3.366
62.466	3.359
62.570	3.354
62.674	3.342
62.780	3.334
62.886	3.321
62.991	3.317
63.096	3.307
63.200	3.300
63.304	3.288
63.409	3.280
63.513	3.276
63.618	3.268
63.723	3.257
63.827	3.246
63.933	3.235
64.037	3.225
64.143	3.224
64.248	3.214
64.353	3.204
64.458	3.192
64.564	3.187
64.669	3.178
64.773	3.172
64.879	3.156
64.986	3.152
65.090	3.141
65.196	3.133
65.300	3.127
65.406	3.118
65.511	3.106
65.616	3.095
65.721	3.090
65.826	3.082
65.931	3.071
66.037	3.061
66.143	3.053
66.248	3.043
66.353	3.037
66.458	3.027
66.563	3.017
66.667	3.014
66.773	3.006
66.879	2.995
66.983	2.986
67.088	2.975
67.192	2.966
67.298	2.957
67.404	2.952
67.508	2.946
67.613	2.933
67.718	2.926
67.823	2.914
67.928	2.911
68.032	2.902
68.138	2.894
68.244	2.884
68.350	2.870
68.455	2.866
68.560	2.861
68.666	2.850
68.772	2.836
68.878	2.827
68.984	2.822
69.090	2.815
69.196	2.804
69.300	2.795
69.406	2.783
69.511	2.778
69.616	2.770
69.720	2.761
69.825	2.753
69.930	2.743
70.035	2.733
70.141	2.727
70.246	2.720
70.351	2.709
70.455	2.698
70.561	2.690
70.666	2.681
70.771	2.678
70.877	2.674
70.981	2.659
71.086	2.647
71.191	2.641
71.296	2.636
71.402	2.625
71.507	2.618
71.614	2.610
71.718	2.599
71.823	2.593
71.928	2.583
72.033	2.576
72.137	2.564
72.242	2.557
72.346	2.545
72.451	2.540
72.557	2.533
72.662	2.522
72.766	2.513
72.872	2.505
72.976	2.497
73.081	2.491
73.188	2.481
73.292	2.472
73.398	2.463
73.503	2.456
73.608	2.448
73.714	2.437
73.818	2.432
73.923	2.420
74.028	2.411
74.133	2.405
74.238	2.398
74.343	2.391
74.449	2.378
74.554	2.370
74.659	2.364
74.764	2.357
74.867	2.349
74.972	2.341
75.077	2.331
75.182	2.321
75.287	2.315
75.391	2.309
75.496	2.299
75.601	2.287
75.706	2.282
75.812	2.272
75.917	2.264
76.022	2.254
76.126	2.245
76.234	2.239
76.339	2.228
76.443	2.222
76.548	2.214
76.654	2.206
76.759	2.197
76.864	2.185
76.968	2.177
77.074	2.170
77.179	2.159
77.285	2.154
77.390	2.147
77.496	2.137
77.601	2.129
77.706	2.121
77.811	2.117
77.916	2.106
78.020	2.094
78.126	2.084
78.231	2.077
78.335	2.071
78.440	2.060
78.546	2.054
78.651	2.046
78.756	2.037
78.861	2.026
78.966	2.020
79.072	2.012
79.178	2.001
79.283	1.993
79.387	1.987
79.492	1.977
79.597	1.971
79.704	1.960
79.809	1.953
79.913	1.947
80.018	1.937
80.124	1.931
80.229	1.918
80.333	1.915
80.437	1.906
80.543	1.893
80.649	1.890
80.754	1.878
80.857	1.872
80.964	1.867
81.069	1.855
81.173	1.846
81.279	1.837
81.383	1.833
81.489	1.827
81.593	1.814
81.698	1.809
81.804	1.798
81.908	1.789
82.014	1.779
82.118	1.772
82.224	1.766
82.329	1.758
82.434	1.747
82.540	1.742
82.644	1.732
82.749	1.727
82.854	1.715
82.959	1.710
83.064	1.697
83.169	1.688
83.274	1.682
83.379	1.672
83.484	1.670
83.589	1.660
83.693	1.651
83.799	1.643
83.904	1.636
84.009	1.627
84.114	1.619
84.219	1.613
84.324	1.605
84.429	1.593
84.534	1.585
84.639	1.578
84.745	1.570
84.849	1.562
84.954	1.556
85.060	1.544
85.163	1.535
85.270	1.530
85.375	1.521
85.481	1.516
85.586	1.506
85.691	1.498
85.797	1.492
85.902	1.480
86.006	1.473
86.111	1.465
86.216	1.458
86.321	1.452
86.426	1.443
86.532	1.435
86.637	1.427
86.742	1.416
86.847	1.411
86.953	1.402
87.059	1.393
87.164	1.383
87.269	1.376
87.374	1.367
87.479	1.363
87.584	1.355
87.689	1.348
87.794	1.333
87.899	1.326
88.004	1.321
88.109	1.313
88.214	1.309
88.318	1.296
88.422	1.288
88.527	1.279
88.634	1.274
88.739	1.266
88.844	1.258
88.949	1.249
89.053	1.242
89.158	1.233
89.263	1.225
89.368	1.215
89.474	1.214
89.581	1.204
89.686	1.196
89.791	1.189
89.896	1.181
90.000	1.176
90.104	1.166
90.210	1.161
90.314	1.154
90.420	1.144
90.526	1.142
90.632	1.133
90.736	1.121
90.842	1.117
90.947	1.108
91.052	1.099
91.155	1.093
91.260	1.088
91.364	1.083
91.469	1.072
91.573	1.067
91.679	1.059
91.784	1.052
91.889	1.045
91.994	1.040
92.099	1.034
92.204	1.026
92.309	1.017
92.413	1.008
92.518	1.001
92.622	0.994
92.726	0.991
92.832	0.982
92.937	0.977
93.041	0.968
93.145	0.963
93.249	0.955
93.354	0.949
93.460	0.941
93.565	0.936
93.669	0.928
93.774	0.922
93.879	0.915
93.984	0.908
94.088	0.900
94.194	0.894
94.299	0.890
94.403	0.881
94.509	0.875
94.613	0.865
94.719	0.862
94.824	0.854
94.929	0.848
95.034	0.842
95.138	0.837
95.244	0.829
95.349	0.820
95.454	0.812
95.559	0.805
95.664	0.799
95.769	0.796
95.874	0.789
95.979	0.781
96.085	0.773
96.190	0.769
96.295	0.758
96.399	0.751
96.503	0.746
96.608	0.743
96.713	0.734
96.818	0.725
96.922	0.720
97.027	0.715
97.131	0.710
97.237	0.700
97.342	0.694
97.447	0.686
97.552	0.681
97.657	0.672
97.762	0.669
97.867	0.661
97.973	0.652
98.078	0.648
98.184	0.641
98.289	0.633
98.394	0.628
98.499	0.619
98.605	0.613
98.710	0.607
98.815	0.603
98.921	0.592
99.025	0.587
99.132	0.579
99.236	0.573
99.343	0.568
99.447	0.558
99.552	0.556
99.656	0.545
99.763	0.540
99.867	0.537
99.972	0.526
100.077	0.525
100.181	0.510
100.287	0.505
100.391	0.497
100.496	0.494
100.601	0.485
100.706	0.476
100.813	0.472
100.918	0.464
101.024	0.456
101.129	0.447
101.234	0.444
101.340	0.431
101.444	0.428
101.548	0.419
101.653	0.410
101.759	0.407
101.864	0.399
101.969	0.390
102.074	0.382
102.179	0.376
102.285	0.374
102.389	0.362
102.494	0.354
102.598	0.346
102.703	0.343
102.809	0.334
102.914	0.329
103.019	0.323
103.122	0.317
103.227	0.312
103.331	0.306
103.438	0.299
103.542	0.295
103.647	0.296
103.752	0.285
103.858	0.281
103.962	0.278
104.067	0.272
104.172	0.268
104.278	0.265
104.384	0.262
104.489	0.261
104.594	0.256
104.699	0.249
104.804	0.244
104.909	0.242
105.014	0.239
105.119	0.237
105.224	0.232
105.328	0.228
105.434	0.226
105.539	0.226
105.644	0.220
105.749	0.217
105.854	0.214
105.960	0.217
106.065	0.210
106.171	0.207
106.277	0.209
106.382	0.203
106.487	0.200
106.593	0.197
106.698	0.194
106.804	0.194
106.909	0.191
107.014	0.185
107.120	0.185
107.226	0.186
107.331	0.181
107.436	0.177
107.541	0.177
107.645	0.176
107.749	0.176
107.855	0.171
107.960	0.172
108.063	0.170
108.169	0.165
108.275	0.167
108.379	0.163
108.484	0.162
108.588	0.159
108.694	0.160
108.800	0.157
108.906	0.156
109.010	0.158
109.115	0.151
109.219	0.152
109.324	0.152
109.430	0.148
109.534	0.145
109.640	0.146
109.744	0.144
109.850	0.145
109.955	0.141
110.061	0.140
110.167	0.140
110.271	0.137
110.377	0.139
110.482	0.136
110.587	0.134
110.692	0.134
110.797	0.131
110.902	0.133
111.006	0.130
111.111	0.132
111.216	0.128
111.321	0.132
