40.925	6.238
41.032	6.241
41.137	6.236
41.241	6.234
41.348	6.224
41.453	6.216
41.558	6.210
41.663	6.201
41.768	6.191
41.871	6.187
41.975	6.175
42.079	6.161
42.183	6.159
42.288	6.150
42.395	6.139
42.500	6.130
42.605	6.122
42.711	6.119
42.816	6.110
42.920	6.102
43.025	6.089
43.131	6.083
43.236	6.082
43.342	6.071
43.446	6.060
43.551	6.050
43.658	6.045
43.763	6.039
43.868	6.031
43.972	6.017
44.077	6.005
44.183	6.002
44.288	5.998
44.392	5.983
44.497	5.975
44.603	5.966
44.708	5.961
44.814	5.953
44.920	5.941
45.023	5.929
45.128	5.928
45.233	5.922
45.337	5.916
45.443	5.904
45.549	5.893
45.653	5.888
45.757	5.882
45.863	5.872
45.968	5.861
46.073	5.853
46.177	5.847
46.283	5.840
46.388	5.829
46.493	5.823
46.597	5.812
46.702	5.808
46.808	5.803
46.912	5.791
47.016	5.781
47.121	5.773
47.228	5.771
47.332	5.760
47.436	5.749
47.540	5.741
47.645	5.734
47.750	5.728
47.856	5.720
47.962	5.712
48.066	5.701
48.171	5.695
48.275	5.686
48.380	5.679
48.485	5.666
48.589	5.658
48.695	5.650
48.800	5.646
48.905	5.637
49.010	5.629
49.115	5.620
49.221	5.613
49.325	5.608
49.431	5.598
49.536	5.584
49.641	5.577
49.745	5.574
49.851	5.566
49.957	5.554
50.063	5.545
50.168	5.536
50.273	5.531
50.377	5.522
50.483	5.514
50.588	5.505
50.693	5.500
50.798	5.493
50.903	5.483
51.009	5.472
51.113	5.466
51.218	5.458
51.322	5.453
51.428	5.440
51.534	5.434
51.639	5.425
51.746	5.417
51.850	5.413
51.955	5.404
52.060	5.393
52.164	5.387
52.269	5.379
52.372	5.371
52.478	5.363
52.583	5.353
52.688	5.343
52.793	5.339
52.898	5.333
53.003	5.323
53.109	5.316
53.215	5.308
53.321	5.303
53.425	5.293
53.530	5.283
53.635	5.274
53.740	5.270
53.846	5.262
53.950	5.252
54.057	5.244
54.161	5.230
54.266	5.229
54.371	5.222
54.477	5.211
54.583	5.202
54.688	5.196
54.793	5.187
54.898	5.182
55.002	5.170
55.107	5.162
55.213	5.155
55.318	5.150
55.423	5.144
55.528	5.134
55.632	5.123
55.738	5.117
55.844	5.112
55.948	5.103
56.052	5.094
56.158	5.084
56.263	5.076
56.368	5.074
56.473	5.065
56.578	5.053
56.683	5.043
56.790	5.042
56.895	5.031
57.001	5.022
57.105	5.016
57.211	5.005
57.315	5.001
57.421	4.995
57.525	4.985
57.631	4.976
57.737	4.971
57.842	4.961
57.948	4.959
58.052	4.949
58.158	4.940
58.264	4.931
58.370	4.925
58.475	4.916
58.578	4.908
58.682	4.899
58.787	4.893
58.893	4.889
58.997	4.881
59.103	4.873
59.207	4.861
59.313	4.855
59.418	4.848
59.523	4.843
59.628	4.831
59.733	4.823
59.838	4.818
59.942	4.814
60.046	4.803
60.153	4.792
60.258	4.784
60.362	4.780
60.466	4.773
60.570	4.765
60.674	4.754
60.780	4.747
60.885	4.741
60.991	4.736
61.098	4.728
61.203	4.716
61.308	4.712
61.412	4.704
61.518	4.700
61.624	4.686
61.729	4.680
61.835	4.672
61.940	4.670
62.045	4.660
62.151	4.649
62.256	4.640
62.360	4.633
62.465	4.628
62.569	4.620
62.673	4.612
62.778	4.603
62.883	4.598
62.988	4.592
63.092	4.582
63.198	4.575
63.303	4.564
63.408	4.557
63.513	4.556
63.617	4.547
63.723	4.541
63.827	4.526
63.932	4.523
64.037	4.514
64.142	4.508
64.248	4.500
64.353	4.490
64.458	4.480
64.563	4.479
64.668	4.468
64.773	4.456
64.879	4.457
64.983	4.445
65.088	4.439
65.193	4.432
65.298	4.423
65.403	4.414
65.508	4.408
65.615	4.399
65.720	4.395
65.825	4.386
65.930	4.374
66.035	4.371
66.140	4.366
66.245	4.357
66.350	4.349
66.455	4.343
66.561	4.334
66.666	4.329
66.772	4.319
66.876	4.309
66.981	4.303
67.085	4.299
67.191	4.289
67.296	4.283
67.400	4.270
67.505	4.269
67.610	4.262
67.714	4.255
67.820	4.247
67.925	4.240
68.030	4.231
68.135	4.226
68.240	4.217
68.346	4.207
68.451	4.200
68.556	4.193
68.661	4.189
68.765	4.181
68.870	4.173
68.975	4.165
69.079	4.157
69.184	4.152
69.289	4.142
69.395	4.132
69.500	4.125
69.605	4.122
69.711	4.115
69.816	4.106
69.921	4.097
70.025	4.090
70.130	4.081
70.234	4.077
70.339	4.069
70.444	4.061
70.548	4.050
70.653	4.048
70.758	4.038
70.864	4.030
70.970	4.025
71.075	4.017
71.180	4.011
71.285	4.001
71.389	3.994
71.495	3.989
71.600	3.978
71.705	3.975
71.810	3.963
71.915	3.962
72.021	3.949
72.125	3.941
72.231	3.936
72.336	3.928
72.441	3.921
72.546	3.914
72.651	3.905
72.756	3.900
72.861	3.892
72.965	3.887
73.070	3.878
73.174	3.871
73.280	3.867
73.385	3.860
73.491	3.851
73.595	3.844
73.701	3.834
73.806	3.829
73.911	3.824
74.015	3.819
74.121	3.807
74.226	3.801
74.330	3.795
74.434	3.789
74.540	3.779
74.646	3.775
74.752	3.765
74.856	3.758
74.961	3.753
75.066	3.746
75.171	3.738
75.276	3.733
75.381	3.724
75.485	3.720
75.589	3.711
75.693	3.701
75.798	3.699
75.903	3.688
76.008	3.683
76.113	3.673
76.218	3.668
76.322	3.660
76.428	3.655
76.533	3.649
76.639	3.641
76.743	3.634
76.847	3.625
76.953	3.620
77.058	3.612
77.163	3.605
77.267	3.598
77.373	3.589
77.478	3.586
77.583	3.579
77.688	3.570
77.792	3.564
77.898	3.554
78.004	3.548
78.107	3.542
78.214	3.533
78.320	3.528
78.424	3.521
78.531	3.512
78.635	3.511
78.741	3.499
78.846	3.495
78.950	3.486
79.055	3.476
79.161	3.476
79.266	3.467
79.372	3.459
79.477	3.454
79.582	3.445
79.686	3.440
79.790	3.427
79.896	3.421
80.003	3.419
80.107	3.408
80.212	3.404
80.318	3.398
80.423	3.387
80.528	3.382
80.634	3.376
80.738	3.370
80.842	3.361
80.947	3.360
81.053	3.353
81.158	3.342
81.263	3.337
81.367	3.331
81.474	3.321
81.578	3.315
81.683	3.310
81.787	3.303
81.893	3.296
81.998	3.290
82.103	3.280
82.208	3.273
82.313	3.267
82.418	3.261
82.523	3.254
82.627	3.247
82.732	3.239
82.836	3.235
82.940	3.229
83.044	3.221
83.148	3.213
83.253	3.210
83.358	3.201
83.462	3.193
83.568	3.190
83.672	3.183
83.777	3.171
83.882	3.168
83.988	3.159
84.092	3.151
84.198	3.145
84.302	3.138
84.407	3.131
84.512	3.127
84.617	3.123
84.723	3.113
84.828	3.106
84.934	3.098
85.038	3.093
85.142	3.085
85.248	3.078
85.353	3.071
85.457	3.060
85.563	3.056
85.668	3.048
85.773	3.046
85.878	3.035
85.984	3.030
86.088	3.022
86.193	3.014
86.298	3.015
86.404	3.005
86.508	2.994
86.614	2.990
86.720	2.986
86.826	2.975
86.930	2.970
87.035	2.967
87.141	2.958
87.246	2.948
87.350	2.944
87.455	2.939
87.561	2.929
87.666	2.922
87.770	2.914
87.875	2.908
87.980	2.903
88.086	2.895
88.191	2.890
88.296	2.884
88.401	2.878
88.505	2.869
88.610	2.863
88.715	2.859
88.821	2.847
88.925	2.843
89.030	2.838
89.136	2.830
89.241	2.826
89.346	2.817
89.451	2.813
89.556	2.807
89.662	2.797
89.766	2.788
89.871	2.783
89.976	2.778
90.081	2.771
90.186	2.761
90.291	2.759
90.397	2.752
90.502	2.747
90.606	2.737
90.711	2.730
90.816	2.724
90.921	2.719
91.025	2.712
91.130	2.705
91.236	2.702
91.341	2.694
91.446	2.686
91.551	2.679
91.657	2.676
91.761	2.666
91.865	2.657
91.971	2.653
92.076	2.648
92.181	2.641
92.285	2.635
92.390	2.628
92.496	2.620
92.600	2.614
92.705	2.605
92.810	2.603
92.916	2.595
93.022	2.587
93.126	2.583
93.230	2.576
93.335	2.570
93.440	2.565
93.546	2.556
93.651	2.547
93.756	2.544
93.860	2.536
93.966	2.533
94.071	2.524
94.176	2.519
94.281	2.510
94.386	2.505
94.491	2.500
94.595	2.496
94.700	2.486
94.806	2.478
94.912	2.474
95.016	2.468
95.121	2.458
95.227	2.455
95.333	2.448
95.438	2.440
95.543	2.432
95.648	2.428
95.753	2.422
95.857	2.417
95.962	2.408
96.067	2.402
96.173	2.398
96.277	2.392
96.383	2.385
96.489	2.379
96.594	2.371
96.699	2.365
96.805	2.357
96.909	2.355
97.014	2.349
97.118	2.342
97.222	2.335
97.327	2.328
97.432	2.323
97.538	2.318
97.644	2.311
97.748	2.304
97.853	2.297
97.958	2.288
98.062	2.285
98.168	2.277
98.274	2.270
98.380	2.264
98.485	2.257
98.591	2.253
98.696	2.245
98.800	2.239
98.906	2.233
99.010	2.226
99.116	2.220
99.221	2.214
99.325	2.208
99.431	2.201
99.536	2.196
99.641	2.189
99.745	2.182
99.851	2.177
99.956	2.169
100.061	2.162
100.166	2.157
100.271	2.149
100.375	2.144
100.479	2.140
100.585	2.134
100.691	2.128
100.796	2.121
100.901	2.115
101.007	2.110
101.112	2.104
101.217	2.098
101.321	2.092
101.426	2.087
101.531	2.080
101.635	2.070
101.741	2.064
101.847	2.059
101.952	2.056
102.058	2.050
102.162	2.044
102.266	2.035
102.370	2.029
102.475	2.021
102.581	2.014
102.686	2.009
102.792	2.006
102.896	2.000
103.001	1.992
103.106	1.987
103.210	1.978
103.314	1.976
103.420	1.967
103.524	1.960
103.629	1.956
103.733	1.948
103.838	1.945
103.944	1.937
104.048	1.932
104.153	1.932
104.258	1.918
104.362	1.914
104.466	1.910
104.571	1.903
104.676	1.896
104.781	1.892
104.886	1.885
104.990	1.878
105.094	1.874
105.200	1.869
105.305	1.861
105.412	1.854
105.516	1.849
105.621	1.843
105.726	1.839
105.830	1.832
105.936	1.825
106.040	1.819
106.145	1.815
106.249	1.805
106.353	1.801
106.458	1.796
106.562	1.788
106.668	1.786
106.773	1.775
106.878	1.772
106.983	1.767
107.088	1.758
107.194	1.752
107.300	1.749
107.405	1.741
107.511	1.738
107.616	1.731
107.720	1.725
107.824	1.720
107.928	1.712
108.033	1.703
108.138	1.702
108.243	1.696
108.348	1.692
108.452	1.681
108.558	1.678
108.662	1.669
108.767	1.664
108.873	1.660
108.978	1.654
109.083	1.647
109.188	1.644
109.293	1.638
109.398	1.631
109.503	1.625
109.608	1.619
109.713	1.613
109.818	1.605
109.923	1.603
110.028	1.596
110.133	1.592
110.237	1.585
110.343	1.580
110.448	1.574
110.553	1.569
110.658	1.562
110.763	1.557
110.869	1.552
110.974	1.546
111.080	1.539
111.186	1.535
111.290	1.528
111.395	1.522
111.499	1.511
111.605	1.513
111.711	1.504
111.816	1.502
111.921	1.494
112.025	1.491
112.130	1.484
112.234	1.476
112.340	1.472
112.445	1.462
112.550	1.459
112.654	1.454
112.759	1.446
112.863	1.442
112.968	1.439
113.072	1.433
113.178	1.426
113.284	1.420
113.388	1.414
113.493	1.411
113.598	1.403
113.703	1.398
113.807	1.391
113.912	1.384
114.018	1.381
114.122	1.374
114.226	1.369
114.331	1.364
114.436	1.360
114.541	1.353
114.647	1.345
114.753	1.340
114.858	1.335
114.963	1.333
115.068	1.328
115.173	1.323
115.278	1.317
115.382	1.314
115.489	1.311
115.595	1.306
115.700	1.302
115.806	1.299
115.911	1.296
116.015	1.292
116.120	1.291
116.224	1.287
116.328	1.283
116.434	1.280
116.540	1.278
116.645	1.274
116.751	1.272
116.856	1.269
116.960	1.266
117.065	1.262
117.171	1.264
117.276	1.256
117.381	1.255
117.485	1.251
117.590	1.247
117.694	1.243
117.798	1.243
117.902	1.240
118.007	1.237
118.111	1.235
118.217	1.232
118.322	1.228
118.426	1.226
118.532	1.222
118.638	1.220
118.743	1.217
118.849	1.213
118.954	1.213
119.058	1.205
119.162	1.204
119.266	1.203
119.371	1.197
119.476	1.195
119.581	1.194
119.685	1.189
119.790	1.185
119.895	1.181
120.001	1.181
120.106	1.177
120.211	1.177
120.315	1.176
120.419	1.174
120.524	1.168
120.628	1.168
120.733	1.162
120.838	1.161
120.943	1.158
121.048	1.155
121.153	1.155
121.258	1.152
121.364	1.144
121.470	1.144
121.574	1.142
121.678	1.140
121.783	1.133
121.887	1.135
121.992	1.127
122.098	1.126
122.203	1.126
122.307	1.121
122.412	1.117
122.518	1.113
122.623	1.114
122.728	1.108
122.832	1.107
122.938	1.106
123.043	1.101
123.149	1.098
123.253	1.100
123.358	1.093
123.463	1.090
123.568	1.087
123.672	1.084
123.779	1.082
123.884	1.081
123.990	1.078
124.093	1.072
124.198	1.071
124.304	1.068
124.408	1.064
124.513	1.064
124.618	1.060
124.724	1.058
124.829	1.057
124.933	1.053
125.039	1.052
125.143	1.049
125.248	1.046
125.353	1.044
125.458	1.042
125.563	1.038
125.668	1.036
125.773	1.033
125.878	1.031
125.982	1.030
126.087	1.024
126.193	1.022
126.298	1.022
126.402	1.018
126.506	1.015
126.611	1.013
126.716	1.013
126.821	1.007
126.925	1.005
127.030	1.003
127.135	1.003
127.239	0.997
127.343	0.995
127.448	0.992
127.553	0.989
127.657	0.986
127.761	0.987
127.866	0.984
127.972	0.985
128.078	0.979
128.182	0.974
128.288	0.974
128.393	0.976
128.498	0.970
128.603	0.966
128.708	0.961
128.814	0.961
128.919	0.958
129.024	0.954
129.128	0.955
129.233	0.951
129.337	0.947
129.444	0.945
129.549	0.940
129.655	0.941
129.760	0.939
129.865	0.936
129.970	0.934
130.076	0.932
130.181	0.927
130.285	0.927
130.389	0.922
130.494	0.920
130.599	0.917
130.705	0.916
130.811	0.912
130.916	0.911
131.021	0.907
131.125	0.904
131.229	0.905
131.334	0.901
131.438	0.898
131.544	0.895
131.650	0.893
131.756	0.892
131.860	0.888
131.966	0.885
132.071	0.885
132.176	0.881
132.281	0.878
132.385	0.875
132.492	0.873
132.595	0.870
132.701	0.865
132.806	0.863
132.911	0.862
133.016	0.862
133.120	0.855
133.226	0.854
133.331	0.853
133.435	0.853
133.541	0.846
133.646	0.848
133.751	0.843
133.856	0.842
133.961	0.838
134.067	0.838
134.172	0.834
134.278	0.833
134.383	0.830
134.488	0.825
134.593	0.825
134.698	0.818
134.804	0.819
134.908	0.813
135.013	0.808
135.118	0.811
135.222	0.808
135.327	0.806
135.431	0.800
135.538	0.797
135.643	0.799
135.749	0.798
135.853	0.792
135.958	0.790
136.063	0.787
136.168	0.788
136.274	0.787
136.378	0.780
136.483	0.777
136.588	0.776
136.692	0.775
136.798	0.771
136.902	0.771
137.007	0.769
137.113	0.765
137.219	0.763
137.324	0.758
137.429	0.758
137.534	0.759
137.640	0.756
137.745	0.749
137.851	0.749
137.957	0.744
138.061	0.746
138.166	0.741
138.271	0.736
138.375	0.738
138.481	0.733
138.586	0.731
138.690	0.728
138.795	0.730
138.901	0.726
139.007	0.723
139.111	0.723
139.217	0.721
139.322	0.718
139.426	0.715
139.531	0.714
139.637	0.711
139.742	0.706
139.848	0.706
139.953	0.701
140.058	0.700
140.163	0.699
140.268	0.696
140.373	0.696
140.478	0.695
140.584	0.691
140.688	0.688
140.793	0.686
140.898	0.684
141.003	0.681
141.108	0.678
141.213	0.676
141.318	0.674
141.423	0.674
141.528	0.669
141.633	0.666
141.739	0.664
141.845	0.659
141.949	0.663
142.054	0.661
142.159	0.656
142.264	0.655
142.371	0.651
142.476	0.649
142.580	0.646
142.685	0.645
142.791	0.643
142.896	0.643
143.001	0.639
143.105	0.635
143.211	0.636
143.316	0.633
143.422	0.631
143.526	0.630
143.631	0.625
143.735	0.627
143.841	0.621
143.945	0.620
144.051	0.617
144.156	0.616
144.262	0.612
144.368	0.609
144.473	0.609
144.579	0.611
144.683	0.604
144.788	0.603
144.894	0.604
144.998	0.599
145.103	0.598
145.208	0.594
145.313	0.592
145.418	0.592
145.523	0.589
145.628	0.585
145.733	0.585
145.838	0.583
145.943	0.577
146.049	0.577
146.152	0.576
146.258	0.572
146.365	0.571
146.471	0.567
146.576	0.567
146.681	0.565
146.785	0.561
146.891	0.562
146.995	0.560
147.101	0.556
147.206	0.557
147.311	0.553
147.416	0.551
147.521	0.547
147.627	0.548
147.732	0.546
147.836	0.541
147.941	0.543
148.047	0.539
148.152	0.535
148.258	0.535
148.363	0.530
148.468	0.530
148.573	0.525
148.678	0.523
148.782	0.522
148.887	0.523
148.991	0.519
149.097	0.519
149.202	0.513
149.307	0.511
149.412	0.514
149.517	0.512
149.623	0.506
149.729	0.503
149.833	0.507
149.938	0.504
150.043	0.498
150.148	0.497
150.255	0.494
150.359	0.493
150.465	0.492
150.570	0.486
150.675	0.486
150.781	0.484
150.887	0.481
150.992	0.480
151.097	0.474
151.202	0.476
151.308	0.474
151.412	0.472
151.519	0.468
151.624	0.469
151.728	0.466
151.833	0.467
151.937	0.463
152.042	0.461
152.148	0.456
152.253	0.457
152.358	0.455
152.462	0.453
152.568	0.447
152.673	0.448
152.780	0.445
152.884	0.447
152.988	0.443
153.092	0.442
153.196	0.439
153.301	0.436
153.406	0.435
153.512	0.434
153.616	0.432
153.721	0.429
153.826	0.428
153.931	0.425
154.036	0.423
154.141	0.424
154.246	0.419
154.351	0.420
154.456	0.413
154.561	0.412
154.666	0.410
154.771	0.414
154.876	0.409
154.980	0.404
155.085	0.401
155.191	0.402
155.296	0.401
155.401	0.402
155.506	0.399
155.611	0.395
155.716	0.393
155.822	0.391
155.926	0.388
156.031	0.385
156.136	0.389
156.240	0.383
156.346	0.381
156.451	0.380
156.556	0.379
156.661	0.376
156.768	0.377
156.872	0.371
156.977	0.368
157.082	0.368
157.188	0.368
157.293	0.365
157.397	0.359
157.501	0.357
157.607	0.359
157.710	0.358
157.816	0.354
157.921	0.348
158.026	0.350
158.131	0.350
158.235	0.348
158.341	0.341
158.446	0.345
158.551	0.341
158.657	0.340
158.762	0.337
158.868	0.338
158.974	0.332
159.079	0.333
159.184	0.329
159.288	0.325
159.394	0.325
159.499	0.322
159.604	0.322
159.708	0.321
159.813	0.316
159.919	0.314
160.024	0.312
160.130	0.312
160.236	0.309
160.340	0.308
160.446	0.303
160.551	0.305
160.656	0.302
160.761	0.300
160.866	0.298
160.971	0.297
161.076	0.295
161.180	0.296
161.286	0.292
161.391	0.291
161.496	0.286
161.602	0.286
161.706	0.286
161.812	0.280
161.916	0.283
162.021	0.279
162.126	0.278
162.230	0.274
162.336	0.269
162.441	0.271
162.546	0.269
162.651	0.266
162.756	0.264
162.861	0.260
162.966	0.261
163.071	0.255
163.176	0.256
163.280	0.254
163.385	0.251
163.490	0.249
163.596	0.245
163.701	0.243
163.807	0.244
163.912	0.239
164.018	0.238
164.124	0.236
164.229	0.239
164.333	0.231
164.437	0.231
164.543	0.228
164.649	0.226
164.753	0.226
164.857	0.224
164.963	0.222
165.069	0.219
165.174	0.220
165.279	0.217
165.386	0.217
165.491	0.217
165.597	0.213
165.702	0.212
165.806	0.210
165.912	0.205
166.018	0.208
166.123	0.205
166.228	0.204
166.334	0.202
166.438	0.199
166.544	0.198
166.649	0.200
166.752	0.199
166.858	0.195
166.964	0.193
167.069	0.194
167.173	0.193
167.278	0.192
167.383	0.190
167.488	0.190
167.592	0.188
167.697	0.190
167.802	0.187
167.906	0.185
168.011	0.185
168.117	0.184
168.222	0.182
168.326	0.184
168.431	0.181
168.536	0.180
168.641	0.181
168.746	0.177
168.851	0.178
168.956	0.175
169.061	0.178
169.166	0.175
169.271	0.178
169.376	0.175
169.482	0.177
169.587	0.173
169.691	0.176
169.797	0.172
169.903	0.173
170.008	0.171
170.112	0.171
170.219	0.172
170.323	0.169
170.429	0.168
170.532	0.168
170.639	0.169
170.743	0.173
170.849	0.168
170.954	0.170
171.058	0.165
171.164	0.169
171.269	0.169
171.374	0.165
171.480	0.167
171.584	0.167
171.689	0.168
171.794	0.166
171.898	0.167
172.004	0.169
172.109	0.167
172.214	0.164
172.318	0.167
172.424	0.165
172.529	0.167
172.633	0.166
172.738	0.164
172.842	0.166
172.947	0.161
