28.750	6.155
28.856	6.150
28.960	6.147
29.065	6.148
29.171	6.151
29.275	6.144
29.381	6.137
29.485	6.127
29.591	6.122
29.696	6.110
29.800	6.100
29.904	6.087
30.009	6.074
30.114	6.070
30.220	6.059
30.325	6.046
30.431	6.034
30.537	6.023
30.642	6.015
30.745	6.004
30.850	5.989
30.955	5.979
31.060	5.966
31.166	5.960
31.270	5.950
31.375	5.936
31.480	5.921
31.584	5.912
31.690	5.902
31.795	5.890
31.900	5.879
32.005	5.871
32.110	5.863
32.216	5.852
32.320	5.837
32.427	5.829
32.532	5.815
32.637	5.803
32.744	5.795
32.847	5.783
32.952	5.767
33.058	5.757
33.163	5.751
33.268	5.742
33.373	5.727
33.478	5.713
33.583	5.703
33.688	5.700
33.793	5.687
33.898	5.674
34.003	5.661
34.110	5.649
34.215	5.647
34.320	5.635
34.425	5.619
34.530	5.607
34.636	5.600
34.742	5.590
34.848	5.574
34.953	5.566
35.058	5.555
35.163	5.546
35.269	5.536
35.375	5.524
35.481	5.512
35.585	5.500
35.690	5.492
35.796	5.485
35.900	5.471
36.004	5.461
36.109	5.447
36.215	5.438
36.320	5.431
36.425	5.418
36.530	5.404
36.636	5.395
36.742	5.385
36.846	5.376
36.951	5.359
37.055	5.352
37.160	5.341
37.266	5.331
37.371	5.324
37.476	5.314
37.581	5.296
37.686	5.290
37.791	5.281
37.895	5.269
37.999	5.260
38.105	5.248
38.209	5.238
38.313	5.230
38.418	5.219
38.522	5.206
38.628	5.192
38.733	5.186
38.839	5.175
38.944	5.167
39.049	5.155
39.155	5.147
39.259	5.133
39.365	5.127
39.470	5.113
39.575	5.104
39.681	5.092
39.786	5.080
39.891	5.068
39.995	5.059
40.100	5.043
40.203	5.038
40.309	5.031
40.414	5.016
40.519	5.008
40.625	4.994
40.730	4.983
40.836	4.975
40.941	4.965
41.045	4.951
41.150	4.940
41.255	4.933
41.360	4.921
41.464	4.909
41.570	4.899
41.675	4.888
41.781	4.878
41.886	4.870
41.990	4.856
42.095	4.845
42.200	4.833
42.306	4.823
42.411	4.814
42.517	4.805
42.623	4.790
42.729	4.783
42.833	4.770
42.938	4.762
43.043	4.748
43.149	4.739
43.253	4.728
43.358	4.718
43.463	4.712
43.568	4.695
43.672	4.686
43.778	4.676
43.883	4.665
43.988	4.659
44.092	4.648
44.196	4.633
44.300	4.623
44.406	4.611
44.512	4.605
44.616	4.592
44.720	4.578
44.824	4.567
44.928	4.561
45.033	4.550
45.138	4.541
45.243	4.528
45.349	4.519
45.453	4.509
45.557	4.499
45.663	4.486
45.768	4.476
45.872	4.468
45.978	4.457
46.082	4.448
46.188	4.433
46.292	4.423
46.397	4.411
46.501	4.402
46.606	4.391
46.711	4.378
46.816	4.370
46.921	4.362
47.026	4.350
47.130	4.339
47.236	4.329
47.341	4.317
47.446	4.306
47.551	4.296
47.656	4.285
47.760	4.276
47.867	4.265
47.971	4.255
48.075	4.246
48.179	4.239
48.285	4.223
48.391	4.211
48.495	4.202
48.601	4.192
48.706	4.188
48.810	4.173
48.915	4.165
49.022	4.151
49.126	4.143
49.231	4.132
49.336	4.120
49.441	4.107
49.546	4.100
49.651	4.087
49.756	4.077
49.860	4.068
49.964	4.057
50.069	4.044
50.174	4.036
50.278	4.028
50.383	4.016
50.487	4.004
50.592	3.993
50.696	3.985
50.802	3.977
50.906	3.966
51.011	3.953
51.117	3.940
51.221	3.933
51.325	3.922
51.431	3.913
51.536	3.899
51.641	3.890
51.746	3.877
51.851	3.869
51.956	3.858
52.061	3.846
52.165	3.837
52.270	3.829
52.375	3.820
52.480	3.809
52.585	3.795
52.691	3.784
52.794	3.776
52.899	3.770
53.003	3.752
53.108	3.746
53.214	3.735
53.319	3.724
53.424	3.713
53.529	3.703
53.633	3.692
53.738	3.685
53.843	3.674
53.950	3.662
54.056	3.655
54.160	3.638
54.265	3.630
54.370	3.621
54.475	3.610
54.580	3.597
54.686	3.589
54.792	3.577
54.896	3.570
55.001	3.560
55.107	3.549
55.212	3.536
55.317	3.528
55.423	3.521
55.527	3.508
55.634	3.500
55.739	3.486
55.844	3.479
55.949	3.466
56.054	3.458
56.159	3.446
56.263	3.439
56.368	3.428
56.473	3.415
56.578	3.407
56.683	3.393
56.789	3.385
56.894	3.373
56.998	3.365
57.104	3.354
57.209	3.343
57.313	3.331
57.417	3.320
57.524	3.315
57.629	3.306
57.734	3.292
57.839	3.281
57.944	3.268
58.049	3.265
58.154	3.248
58.259	3.238
58.364	3.227
58.469	3.218
58.574	3.211
58.678	3.198
58.783	3.187
58.889	3.178
58.994	3.167
59.099	3.156
59.204	3.146
59.309	3.137
59.413	3.126
59.519	3.113
59.624	3.106
59.729	3.098
59.834	3.085
59.939	3.075
60.044	3.067
60.149	3.055
60.254	3.045
60.359	3.034
60.463	3.023
60.567	3.014
60.672	3.002
60.776	2.990
60.881	2.979
60.986	2.976
61.091	2.963
61.197	2.951
61.301	2.942
61.406	2.934
61.512	2.922
61.616	2.909
61.721	2.901
61.827	2.889
61.932	2.881
62.036	2.870
62.141	2.859
62.246	2.847
62.351	2.842
62.457	2.829
62.561	2.818
62.665	2.810
62.771	2.796
62.876	2.786
62.980	2.779
63.086	2.773
63.193	2.760
63.298	2.744
63.403	2.739
63.508	2.730
63.614	2.719
63.719	2.709
63.824	2.699
63.928	2.687
64.033	2.677
64.137	2.669
64.244	2.657
64.350	2.649
64.454	2.638
64.559	2.628
64.664	2.617
64.769	2.608
64.874	2.596
64.979	2.589
65.083	2.580
65.187	2.570
65.291	2.560
65.396	2.549
65.501	2.535
65.607	2.529
65.711	2.515
65.816	2.504
65.920	2.494
66.026	2.486
66.131	2.476
66.237	2.467
66.341	2.456
66.446	2.444
66.552	2.436
66.656	2.425
66.761	2.416
66.867	2.404
66.971	2.393
67.075	2.384
67.179	2.377
67.284	2.366
67.390	2.353
67.493	2.343
67.598	2.335
67.702	2.327
67.806	2.316
67.911	2.303
68.017	2.294
68.122	2.288
68.228	2.275
68.332	2.265
68.438	2.257
68.542	2.245
68.647	2.234
68.751	2.225
68.856	2.214
68.961	2.206
69.067	2.194
69.172	2.183
69.277	2.174
69.382	2.168
69.486	2.157
69.590	2.144
69.696	2.133
69.801	2.122
69.905	2.112
70.011	2.106
70.116	2.097
70.220	2.085
70.325	2.075
70.431	2.063
70.536	2.057
70.641	2.047
70.746	2.035
70.851	2.024
70.957	2.015
71.061	2.003
71.166	1.994
71.270	1.988
71.375	1.978
71.480	1.972
71.586	1.958
71.690	1.946
71.795	1.936
71.899	1.926
72.004	1.919
72.108	1.907
72.212	1.893
72.318	1.885
72.422	1.877
72.527	1.871
72.631	1.858
72.737	1.847
72.841	1.838
72.947	1.828
73.052	1.817
73.158	1.808
73.264	1.799
73.370	1.788
73.477	1.779
73.581	1.768
73.687	1.758
73.791	1.751
73.897	1.738
74.002	1.731
74.107	1.717
74.212	1.708
74.317	1.697
74.422	1.692
74.526	1.681
74.630	1.669
74.737	1.660
74.843	1.647
74.949	1.638
75.054	1.630
75.159	1.617
75.264	1.608
75.370	1.600
75.474	1.586
75.579	1.577
75.684	1.567
75.789	1.557
75.894	1.548
75.998	1.535
76.104	1.528
76.209	1.520
76.314	1.509
76.420	1.496
76.526	1.493
76.631	1.480
76.737	1.470
76.842	1.458
76.947	1.447
77.051	1.438
77.156	1.426
77.261	1.421
77.367	1.409
77.472	1.401
77.578	1.391
77.683	1.379
77.787	1.368
77.892	1.364
77.997	1.352
78.102	1.342
78.207	1.330
78.312	1.320
78.416	1.308
78.522	1.301
78.627	1.291
78.731	1.278
78.835	1.271
78.941	1.263
79.047	1.251
79.152	1.242
79.257	1.234
79.362	1.225
79.466	1.212
79.572	1.201
79.676	1.195
79.781	1.186
79.887	1.176
79.992	1.164
80.097	1.154
80.202	1.143
80.307	1.134
80.411	1.123
80.517	1.115
80.623	1.106
80.728	1.093
80.833	1.089
80.938	1.076
81.043	1.068
81.148	1.054
81.251	1.050
81.357	1.038
81.462	1.026
81.568	1.016
81.674	1.008
81.778	0.998
81.884	0.986
81.989	0.976
82.094	0.967
82.198	0.959
82.304	0.948
82.409	0.939
82.514	0.929
82.619	0.921
82.725	0.911
82.829	0.900
82.935	0.890
83.040	0.880
83.144	0.872
83.249	0.858
83.354	0.852
83.459	0.837
83.564	0.832
83.669	0.823
83.774	0.810
83.878	0.805
83.982	0.793
84.088	0.779
84.192	0.774
84.298	0.763
84.402	0.753
84.506	0.746
84.612	0.735
84.716	0.727
84.823	0.717
84.928	0.707
85.034	0.696
85.138	0.687
85.244	0.677
85.349	0.667
85.455	0.656
85.560	0.646
85.665	0.641
85.770	0.629
85.873	0.620
85.978	0.613
86.084	0.600
86.189	0.592
86.293	0.584
86.398	0.574
86.505	0.561
86.610	0.554
86.715	0.545
86.821	0.534
86.927	0.524
87.031	0.521
87.137	0.507
87.243	0.498
87.348	0.490
87.452	0.483
87.557	0.474
87.662	0.465
87.768	0.455
87.872	0.444
87.978	0.437
88.083	0.427
88.187	0.420
88.293	0.411
88.397	0.406
88.501	0.401
88.606	0.391
88.710	0.384
88.815	0.374
88.920	0.369
89.024	0.359
89.128	0.354
89.233	0.348
89.337	0.342
89.443	0.336
89.547	0.332
89.652	0.327
89.757	0.324
89.863	0.315
89.967	0.317
90.073	0.310
90.177	0.303
90.282	0.300
90.387	0.296
90.492	0.289
90.596	0.287
90.702	0.281
90.806	0.279
90.912	0.280
91.018	0.277
91.122	0.266
91.227	0.270
91.332	0.261
91.437	0.262
91.544	0.255
91.647	0.250
91.752	0.248
91.856	0.246
91.960	0.245
92.066	0.244
92.172	0.241
92.277	0.239
92.382	0.234
92.487	0.232
92.593	0.233
92.697	0.226
92.802	0.227
92.907	0.225
93.011	0.222
93.118	0.217
93.223	0.216
93.328	0.213
93.432	0.215
93.537	0.208
93.642	0.211
93.747	0.208
93.852	0.209
93.958	0.202
94.062	0.202
94.168	0.198
94.272	0.200
94.378	0.197
94.483	0.198
94.590	0.193
94.694	0.191
94.801	0.191
94.905	0.189
95.009	0.187
95.115	0.186
95.219	0.186
95.326	0.182
95.431	0.183
95.536	0.181
95.640	0.184
95.746	0.179
95.850	0.176
95.955	0.178
96.061	0.177
96.167	0.172
96.271	0.171
96.377	0.171
96.481	0.170
96.587	0.171
96.692	0.168
96.798	0.167
96.903	0.166
97.008	0.169
97.113	0.165
97.217	0.167
97.322	0.160
97.426	0.161
97.531	0.161
97.635	0.164
97.740	0.160
97.844	0.157
97.950	0.156
98.055	0.155
98.160	0.159
98.265	0.157
98.370	0.158
98.474	0.155
98.579	0.155
98.684	0.155
98.790	0.154
98.894	0.153
98.999	0.154
99.105	0.154
99.210	0.150
99.315	0.154
99.421	0.150
99.525	0.153
99.630	0.149
99.735	0.148
99.839	0.147
99.942	0.149
