27.802	5.893
27.911	5.892
28.016	5.886
28.121	5.884
28.227	5.891
28.332	5.895
28.437	5.892
28.542	5.884
28.646	5.875
28.750	5.880
28.855	5.866
28.959	5.858
29.064	5.841
29.170	5.836
29.275	5.823
29.379	5.817
29.486	5.807
29.590	5.792
29.697	5.782
29.803	5.776
29.907	5.763
30.010	5.752
30.115	5.741
30.220	5.728
30.325	5.722
30.432	5.712
30.537	5.700
30.641	5.687
30.745	5.675
30.851	5.675
30.957	5.663
31.061	5.648
31.166	5.637
31.270	5.628
31.377	5.620
31.481	5.607
31.586	5.595
31.691	5.587
31.797	5.579
31.903	5.565
32.009	5.558
32.114	5.549
32.220	5.533
32.327	5.525
32.432	5.517
32.535	5.505
32.640	5.497
32.744	5.485
32.850	5.471
32.953	5.463
33.059	5.453
33.165	5.445
33.270	5.435
33.374	5.421
33.479	5.414
33.584	5.403
33.690	5.391
33.795	5.381
33.900	5.372
34.004	5.363
34.109	5.350
34.214	5.343
34.318	5.331
34.423	5.317
34.528	5.309
34.633	5.303
34.739	5.289
34.844	5.279
34.950	5.268
35.054	5.257
35.159	5.247
35.265	5.238
35.370	5.226
35.474	5.217
35.578	5.207
35.684	5.194
35.789	5.181
35.894	5.177
36.000	5.163
36.104	5.159
36.210	5.144
36.314	5.135
36.420	5.119
36.526	5.113
36.631	5.106
36.737	5.095
36.841	5.083
36.945	5.071
37.049	5.062
37.155	5.052
37.261	5.040
37.365	5.031
37.470	5.021
37.576	5.013
37.681	5.003
37.787	4.993
37.892	4.981
37.996	4.972
38.101	4.963
38.207	4.954
38.312	4.941
38.417	4.931
38.522	4.920
38.627	4.912
38.731	4.903
38.835	4.891
38.942	4.877
39.047	4.873
39.151	4.861
39.257	4.850
39.362	4.840
39.467	4.828
39.572	4.817
39.676	4.808
39.780	4.802
39.885	4.793
39.989	4.779
40.094	4.768
40.200	4.755
40.304	4.753
40.409	4.740
40.515	4.732
40.620	4.717
40.725	4.707
40.830	4.699
40.937	4.689
41.041	4.680
41.146	4.668
41.251	4.655
41.355	4.648
41.460	4.639
41.564	4.631
41.669	4.617
41.774	4.607
41.879	4.596
41.984	4.591
42.088	4.579
42.193	4.571
42.297	4.558
42.402	4.548
42.507	4.539
42.612	4.531
42.717	4.515
42.822	4.506
42.926	4.498
43.032	4.489
43.136	4.480
43.240	4.472
43.347	4.454
43.451	4.444
43.557	4.437
43.662	4.429
43.766	4.417
43.873	4.408
43.976	4.396
44.081	4.385
44.186	4.376
44.290	4.374
44.396	4.358
44.501	4.345
44.606	4.332
44.712	4.328
44.817	4.319
44.923	4.311
45.029	4.300
45.134	4.285
45.240	4.277
45.346	4.269
45.450	4.261
45.555	4.252
45.659	4.237
45.765	4.227
45.870	4.218
45.976	4.211
46.080	4.201
46.187	4.190
46.292	4.174
46.397	4.169
46.502	4.160
46.607	4.151
46.712	4.143
46.815	4.131
46.920	4.120
47.026	4.109
47.131	4.097
47.237	4.092
47.343	4.083
47.450	4.066
47.554	4.059
47.659	4.054
47.764	4.040
47.869	4.033
47.973	4.018
48.078	4.005
48.182	3.997
48.287	3.990
48.393	3.980
48.498	3.972
48.603	3.956
48.709	3.949
48.814	3.940
48.920	3.931
49.024	3.925
49.129	3.912
49.234	3.901
49.340	3.889
49.444	3.879
49.549	3.872
49.655	3.863
49.759	3.853
49.865	3.841
49.970	3.831
50.075	3.821
50.180	3.813
50.284	3.804
50.390	3.791
50.495	3.776
50.600	3.769
50.706	3.760
50.810	3.755
50.914	3.742
51.019	3.734
51.125	3.718
51.230	3.711
51.335	3.704
51.439	3.696
51.544	3.684
51.650	3.675
51.754	3.661
51.859	3.653
51.964	3.644
52.069	3.639
52.175	3.626
52.280	3.614
52.384	3.606
52.490	3.595
52.597	3.584
52.702	3.573
52.807	3.566
52.912	3.562
53.016	3.542
53.121	3.536
53.226	3.526
53.330	3.519
53.434	3.508
53.539	3.502
53.645	3.488
53.750	3.474
53.854	3.466
53.960	3.466
54.066	3.452
54.171	3.438
54.275	3.429
54.380	3.418
54.485	3.411
54.589	3.402
54.694	3.393
54.798	3.385
54.902	3.371
55.007	3.358
55.112	3.351
55.217	3.344
55.322	3.332
55.427	3.325
55.532	3.314
55.638	3.305
55.742	3.291
55.847	3.283
55.951	3.274
56.056	3.265
56.161	3.254
56.265	3.248
56.369	3.236
56.475	3.224
56.580	3.216
56.684	3.207
56.790	3.199
56.894	3.191
56.999	3.177
57.104	3.165
57.210	3.156
57.315	3.149
57.420	3.140
57.524	3.132
57.630	3.122
57.734	3.113
57.840	3.098
57.944	3.089
58.049	3.081
58.154	3.073
58.260	3.062
58.365	3.053
58.469	3.043
58.574	3.030
58.680	3.021
58.785	3.010
58.889	3.003
58.994	2.993
59.098	2.986
59.202	2.977
59.308	2.964
59.413	2.957
59.517	2.947
59.621	2.939
59.726	2.928
59.830	2.919
59.936	2.908
60.041	2.896
60.147	2.890
60.250	2.879
60.356	2.870
60.460	2.862
60.564	2.849
60.670	2.842
60.775	2.833
60.879	2.824
60.984	2.811
61.090	2.799
61.195	2.794
61.300	2.781
61.405	2.774
61.510	2.767
61.615	2.751
61.719	2.744
61.823	2.737
61.928	2.727
62.034	2.717
62.138	2.707
62.243	2.698
62.348	2.690
62.452	2.678
62.557	2.668
62.662	2.661
62.767	2.649
62.871	2.637
62.976	2.629
63.082	2.621
63.187	2.610
63.291	2.606
63.397	2.592
63.501	2.584
63.605	2.574
63.711	2.564
63.817	2.552
63.922	2.543
64.027	2.532
64.132	2.523
64.237	2.514
64.342	2.507
64.448	2.496
64.554	2.488
64.658	2.479
64.762	2.466
64.867	2.456
64.972	2.449
65.077	2.441
65.182	2.427
65.287	2.422
65.392	2.406
65.496	2.401
65.602	2.394
65.707	2.380
65.812	2.372
65.917	2.362
66.021	2.353
66.127	2.339
66.232	2.334
66.337	2.326
66.441	2.311
66.545	2.308
66.650	2.293
66.754	2.282
66.861	2.273
66.967	2.262
67.072	2.248
67.177	2.243
67.282	2.229
67.387	2.222
67.492	2.210
67.596	2.198
67.702	2.187
67.807	2.177
67.912	2.163
68.016	2.152
68.120	2.141
68.227	2.129
68.332	2.115
68.437	2.101
68.542	2.089
68.646	2.074
68.750	2.058
68.854	2.044
68.959	2.035
69.065	2.025
69.169	2.015
69.274	2.005
69.380	1.999
69.486	1.992
69.592	1.991
69.697	1.985
69.802	1.979
69.907	1.971
70.012	1.964
70.117	1.957
70.222	1.955
70.328	1.951
70.431	1.949
70.536	1.951
70.642	1.949
70.747	1.945
70.852	1.941
70.958	1.937
71.064	1.939
71.169	1.936
71.275	1.933
71.379	1.931
71.484	1.930
71.588	1.929
71.692	1.927
71.797	1.927
71.902	1.924
72.006	1.924
72.110	1.924
72.217	1.919
72.322	1.923
72.427	1.919
72.532	1.918
72.638	1.917
72.744	1.917
72.848	1.919
72.954	1.919
73.060	1.916
73.167	1.916
73.270	1.915
73.374	1.916
73.479	1.915
73.585	1.912
73.690	1.912
73.797	1.917
73.902	1.913
74.006	1.913
74.112	1.913
