30.859	6.058
30.967	6.062
31.070	6.067
31.176	6.067
31.282	6.069
31.387	6.061
31.492	6.050
31.597	6.058
31.702	6.050
31.807	6.034
31.911	6.028
32.016	6.020
32.121	6.015
32.225	6.007
32.328	5.996
32.435	5.986
32.539	5.978
32.644	5.974
32.750	5.961
32.854	5.949
32.959	5.945
33.063	5.938
33.168	5.936
33.273	5.923
33.380	5.910
33.483	5.902
33.588	5.897
33.692	5.891
33.797	5.877
33.902	5.870
34.007	5.867
34.113	5.862
34.218	5.850
34.322	5.839
34.427	5.831
34.532	5.825
34.638	5.821
34.744	5.811
34.849	5.795
34.953	5.792
35.059	5.788
35.164	5.780
35.268	5.770
35.374	5.758
35.480	5.749
35.585	5.743
35.690	5.738
35.797	5.722
35.902	5.714
36.007	5.709
36.112	5.702
36.217	5.699
36.322	5.685
36.427	5.673
36.532	5.668
36.637	5.666
36.742	5.653
36.847	5.641
36.952	5.632
37.057	5.627
37.162	5.620
37.267	5.611
37.371	5.600
37.476	5.595
37.583	5.590
37.687	5.582
37.792	5.571
37.897	5.564
38.002	5.554
38.107	5.548
38.212	5.544
38.317	5.533
38.421	5.522
38.525	5.515
38.630	5.510
38.735	5.502
38.839	5.492
38.944	5.482
39.049	5.476
39.155	5.473
39.259	5.468
39.364	5.450
39.470	5.439
39.575	5.433
39.679	5.432
39.783	5.424
39.889	5.409
39.994	5.401
40.099	5.400
40.203	5.396
40.308	5.385
40.414	5.370
40.519	5.362
40.623	5.363
40.729	5.353
40.833	5.342
40.937	5.327
41.042	5.326
41.148	5.322
41.254	5.312
41.359	5.302
41.464	5.293
41.569	5.283
41.675	5.278
41.780	5.275
41.885	5.262
41.989	5.250
42.094	5.250
42.199	5.243
42.304	5.233
42.409	5.218
42.514	5.216
42.620	5.209
42.725	5.202
42.830	5.196
42.934	5.179
43.039	5.174
43.144	5.174
43.249	5.164
43.355	5.154
43.460	5.143
43.566	5.135
43.669	5.134
43.774	5.126
43.878	5.119
43.984	5.107
44.090	5.096
44.196	5.093
44.300	5.089
44.404	5.078
44.510	5.066
44.615	5.062
44.720	5.057
44.825	5.049
44.930	5.036
45.034	5.025
45.138	5.024
45.245	5.018
45.349	5.011
45.454	4.993
45.560	4.988
45.664	4.981
45.770	4.978
45.875	4.973
45.980	4.960
46.084	4.951
46.190	4.948
46.294	4.942
46.399	4.935
46.503	4.918
46.607	4.912
46.712	4.906
46.817	4.901
46.923	4.892
47.027	4.881
47.132	4.875
47.238	4.870
47.342	4.862
47.447	4.851
47.553	4.841
47.656	4.834
47.762	4.832
47.867	4.823
47.972	4.809
48.077	4.798
48.181	4.794
48.287	4.793
48.391	4.786
48.497	4.774
48.601	4.761
48.707	4.758
48.810	4.752
48.916	4.748
49.020	4.733
49.123	4.722
49.229	4.718
49.333	4.715
49.439	4.706
49.544	4.698
49.649	4.684
49.754	4.681
49.859	4.676
49.964	4.672
50.069	4.659
50.173	4.647
50.280	4.641
50.384	4.639
50.489	4.629
50.594	4.615
50.699	4.606
50.805	4.604
50.909	4.599
51.015	4.591
51.119	4.578
51.223	4.573
51.329	4.569
51.435	4.564
51.541	4.555
51.648	4.544
51.751	4.536
51.856	4.531
51.960	4.524
52.066	4.516
52.170	4.506
52.275	4.499
52.380	4.494
52.483	4.488
52.590	4.476
52.693	4.469
52.799	4.460
52.903	4.456
53.008	4.452
53.113	4.441
53.219	4.431
53.324	4.422
53.430	4.419
53.536	4.415
53.640	4.405
53.746	4.391
53.850	4.387
53.955	4.383
54.059	4.377
54.165	4.366
54.269	4.352
54.375	4.350
54.480	4.346
54.585	4.340
54.689	4.329
54.794	4.319
54.898	4.316
55.005	4.311
55.110	4.302
55.216	4.288
55.322	4.280
55.426	4.279
55.532	4.274
55.637	4.264
55.742	4.256
55.847	4.246
55.953	4.240
56.059	4.238
56.164	4.226
56.268	4.215
56.372	4.210
56.478	4.204
56.582	4.201
56.687	4.193
56.793	4.185
56.899	4.175
57.004	4.170
57.110	4.165
57.215	4.153
57.320	4.140
57.425	4.138
57.529	4.133
57.633	4.129
57.740	4.118
57.844	4.108
57.950	4.104
58.057	4.097
58.161	4.091
58.267	4.084
58.371	4.072
58.475	4.064
58.580	4.059
58.684	4.058
58.789	4.048
58.895	4.034
59.000	4.031
59.104	4.027
59.209	4.019
59.315	4.015
59.420	3.997
59.525	3.990
59.629	3.992
59.734	3.985
59.840	3.974
59.944	3.963
60.050	3.958
60.155	3.956
60.261	3.946
60.366	3.939
60.472	3.928
60.577	3.922
60.682	3.918
60.788	3.912
60.893	3.900
60.998	3.893
61.102	3.886
61.207	3.885
61.313	3.875
61.417	3.866
61.523	3.859
61.628	3.853
61.733	3.847
61.837	3.840
61.943	3.827
62.047	3.822
62.152	3.817
62.258	3.810
62.363	3.808
62.467	3.801
62.572	3.785
62.677	3.779
62.783	3.780
62.888	3.773
62.993	3.758
63.098	3.749
63.202	3.745
63.307	3.739
63.412	3.735
63.517	3.727
63.622	3.717
63.728	3.709
63.833	3.707
63.937	3.701
64.043	3.688
64.149	3.680
64.254	3.676
64.360	3.670
64.464	3.663
64.569	3.654
64.675	3.640
64.780	3.638
64.884	3.632
64.990	3.625
65.095	3.615
65.200	3.606
65.304	3.602
65.410	3.603
65.515	3.594
65.619	3.579
65.724	3.571
65.829	3.568
65.936	3.564
66.042	3.557
66.146	3.548
66.252	3.538
66.358	3.530
66.465	3.529
66.569	3.520
66.674	3.512
66.780	3.502
66.886	3.496
66.992	3.490
67.097	3.487
67.202	3.477
67.307	3.469
67.412	3.459
67.517	3.459
67.622	3.451
67.727	3.441
67.833	3.430
67.938	3.427
68.042	3.419
68.146	3.417
68.252	3.409
68.357	3.397
68.461	3.388
68.565	3.387
68.670	3.381
68.776	3.372
68.882	3.363
68.987	3.358
69.093	3.352
69.197	3.349
69.301	3.338
69.406	3.325
69.512	3.319
69.618	3.318
69.724	3.311
69.829	3.302
69.933	3.293
70.040	3.288
70.145	3.278
70.250	3.274
70.355	3.270
70.460	3.260
70.564	3.249
70.669	3.246
70.774	3.245
70.880	3.236
70.985	3.225
71.090	3.218
71.195	3.213
71.299	3.207
71.403	3.200
71.508	3.193
71.615	3.186
71.719	3.179
71.825	3.174
71.929	3.166
72.035	3.161
72.140	3.150
72.245	3.145
72.350	3.140
72.456	3.135
72.562	3.122
72.666	3.121
72.772	3.117
72.877	3.111
72.982	3.105
73.087	3.099
73.192	3.085
73.297	3.076
73.403	3.072
73.507	3.065
73.613	3.057
73.717	3.052
73.823	3.041
73.928	3.032
74.031	3.033
74.137	3.025
74.242	3.012
74.347	3.006
74.452	3.004
74.555	2.997
74.660	2.991
74.764	2.987
74.870	2.977
74.974	2.969
75.080	2.963
75.184	2.959
75.290	2.950
75.394	2.942
75.499	2.934
75.605	2.930
75.710	2.924
75.815	2.918
75.920	2.906
76.025	2.903
76.130	2.893
76.234	2.891
76.339	2.886
76.444	2.872
76.550	2.865
76.654	2.859
76.759	2.854
76.865	2.845
76.970	2.841
77.074	2.838
77.180	2.828
77.285	2.820
77.390	2.818
77.494	2.810
77.600	2.802
77.705	2.796
77.809	2.793
77.914	2.784
78.020	2.778
78.125	2.769
78.230	2.764
78.334	2.757
78.439	2.750
78.543	2.747
78.649	2.737
78.754	2.732
78.859	2.720
78.963	2.718
79.070	2.716
79.175	2.705
79.280	2.691
79.384	2.691
79.490	2.685
79.594	2.676
79.700	2.672
79.805	2.665
79.910	2.655
80.014	2.652
80.118	2.645
80.224	2.642
80.329	2.635
80.433	2.627
80.537	2.619
80.643	2.613
80.747	2.612
80.852	2.602
80.957	2.592
81.060	2.588
81.167	2.582
81.272	2.575
81.377	2.569
81.483	2.563
81.588	2.553
81.693	2.546
81.799	2.543
81.904	2.536
82.009	2.529
82.113	2.524
82.220	2.514
82.325	2.505
82.429	2.505
82.533	2.496
82.637	2.489
82.741	2.486
82.847	2.479
82.952	2.473
83.058	2.466
83.162	2.462
83.267	2.452
83.373	2.443
83.477	2.439
83.583	2.433
83.687	2.427
83.792	2.419
83.898	2.412
84.003	2.406
84.107	2.401
84.212	2.397
84.318	2.387
84.423	2.384
84.527	2.374
84.633	2.369
84.738	2.365
84.843	2.359
84.947	2.351
85.053	2.345
85.157	2.336
85.262	2.332
85.367	2.330
85.472	2.323
85.575	2.313
85.680	2.309
85.786	2.301
85.890	2.295
85.995	2.290
86.099	2.284
86.205	2.277
86.310	2.268
86.416	2.263
86.522	2.259
86.628	2.252
86.733	2.242
86.837	2.238
86.942	2.234
87.047	2.227
87.152	2.222
87.257	2.213
87.363	2.204
87.467	2.198
87.572	2.193
87.675	2.191
87.783	2.184
87.887	2.175
87.992	2.171
88.096	2.162
88.200	2.156
88.304	2.149
88.410	2.146
88.517	2.140
88.623	2.130
88.728	2.125
88.832	2.121
88.938	2.114
89.042	2.108
89.147	2.099
89.251	2.093
89.355	2.089
89.460	2.085
89.566	2.077
89.670	2.071
89.776	2.064
89.882	2.058
89.986	2.049
90.090	2.044
90.195	2.043
90.300	2.034
90.404	2.027
90.510	2.022
90.614	2.015
90.720	2.013
90.824	2.008
90.930	1.997
91.035	1.992
91.139	1.986
91.245	1.979
91.350	1.973
91.457	1.969
91.562	1.965
91.668	1.953
91.773	1.949
91.878	1.945
91.983	1.938
92.090	1.933
92.193	1.924
92.299	1.920
92.405	1.914
92.510	1.910
92.613	1.900
92.718	1.896
92.823	1.889
92.927	1.882
93.033	1.875
93.138	1.871
93.242	1.869
93.347	1.858
93.452	1.854
93.558	1.848
93.662	1.841
93.767	1.836
93.872	1.830
93.978	1.826
94.083	1.817
94.188	1.815
94.292	1.804
94.397	1.800
94.503	1.794
94.607	1.793
94.713	1.782
94.817	1.778
94.923	1.767
95.028	1.762
95.132	1.760
95.237	1.753
95.341	1.746
95.446	1.741
95.551	1.733
95.656	1.727
95.761	1.728
95.867	1.719
95.973	1.711
96.077	1.705
96.182	1.700
96.287	1.693
96.393	1.689
96.497	1.682
96.601	1.673
96.705	1.671
96.812	1.664
96.918	1.659
97.023	1.653
97.127	1.645
97.231	1.646
97.336	1.635
97.439	1.630
97.544	1.621
97.649	1.618
97.753	1.613
97.859	1.607
97.964	1.602
98.068	1.596
98.173	1.591
98.278	1.582
98.383	1.579
98.488	1.573
98.593	1.566
98.699	1.562
98.804	1.555
98.907	1.551
99.012	1.542
99.116	1.540
99.221	1.532
99.326	1.526
99.430	1.524
99.536	1.515
99.641	1.509
99.746	1.504
99.850	1.501
99.955	1.493
100.059	1.486
100.164	1.483
100.270	1.477
100.375	1.471
100.480	1.464
100.585	1.461
100.690	1.451
100.795	1.447
100.900	1.441
101.005	1.436
101.110	1.432
101.214	1.426
101.318	1.420
101.424	1.411
101.529	1.407
101.633	1.399
101.739	1.396
101.844	1.392
101.950	1.386
102.055	1.377
102.160	1.374
102.265	1.366
102.370	1.360
102.475	1.355
102.581	1.352
102.685	1.348
102.790	1.336
102.894	1.335
103.000	1.327
103.105	1.323
103.209	1.318
103.313	1.310
103.419	1.307
103.525	1.300
103.630	1.294
103.734	1.286
103.840	1.280
103.944	1.276
104.049	1.271
104.155	1.268
104.260	1.263
104.364	1.255
104.470	1.249
104.575	1.247
104.680	1.237
104.784	1.234
104.890	1.229
104.995	1.222
105.100	1.218
105.205	1.212
105.310	1.208
105.414	1.201
105.520	1.198
105.625	1.189
105.729	1.185
105.835	1.179
105.940	1.173
106.045	1.166
106.150	1.163
106.254	1.154
106.359	1.153
106.464	1.145
106.569	1.140
106.674	1.135
106.778	1.130
106.883	1.125
106.987	1.120
107.093	1.115
107.198	1.107
107.303	1.105
107.407	1.098
107.512	1.093
107.617	1.084
107.722	1.086
107.827	1.076
107.931	1.077
108.035	1.067
108.139	1.065
108.245	1.060
108.349	1.053
108.454	1.048
108.560	1.049
108.665	1.041
108.769	1.036
108.873	1.031
108.978	1.027
109.082	1.023
109.188	1.016
109.292	1.013
109.397	1.014
109.502	1.005
109.607	1.002
109.711	0.997
109.815	0.994
109.920	0.988
110.024	0.987
110.129	0.981
110.234	0.980
110.339	0.972
110.445	0.976
110.549	0.972
110.655	0.967
110.759	0.964
110.862	0.961
110.967	0.959
111.072	0.956
111.176	0.950
111.282	0.952
111.385	0.947
111.490	0.948
111.594	0.940
111.700	0.937
111.806	0.938
111.912	0.932
112.016	0.932
112.121	0.929
112.227	0.929
112.332	0.920
112.438	0.916
112.542	0.916
112.647	0.911
112.753	0.904
112.858	0.901
112.963	0.899
113.068	0.897
113.173	0.895
113.277	0.891
113.382	0.888
113.487	0.883
113.592	0.885
113.698	0.876
113.803	0.876
113.908	0.876
114.012	0.871
114.116	0.869
114.220	0.869
114.325	0.862
114.429	0.864
114.533	0.861
114.638	0.859
114.743	0.855
114.848	0.852
114.952	0.851
115.058	0.846
115.163	0.845
115.268	0.843
115.373	0.840
115.477	0.835
115.582	0.836
115.687	0.836
115.793	0.831
115.896	0.827
116.000	0.829
116.105	0.823
116.210	0.823
116.314	0.818
116.420	0.815
116.525	0.812
116.630	0.809
116.735	0.808
116.840	0.807
116.945	0.802
117.049	0.801
117.153	0.795
117.257	0.794
117.362	0.793
117.466	0.789
117.572	0.788
117.678	0.781
117.783	0.784
117.887	0.778
117.993	0.782
118.097	0.777
118.203	0.773
118.307	0.770
118.412	0.768
118.518	0.767
118.622	0.764
118.727	0.761
118.832	0.758
118.937	0.756
119.042	0.754
119.147	0.750
119.253	0.749
119.357	0.746
119.463	0.744
119.567	0.742
119.671	0.739
119.776	0.736
119.880	0.734
119.984	0.731
120.088	0.731
120.191	0.727
120.297	0.725
120.402	0.721
120.507	0.721
120.613	0.718
120.718	0.715
120.824	0.714
120.930	0.712
121.034	0.709
121.139	0.704
121.244	0.700
121.348	0.702
121.453	0.697
121.557	0.693
121.662	0.692
121.767	0.691
121.873	0.689
121.978	0.687
122.084	0.682
122.188	0.683
122.294	0.681
122.400	0.678
122.504	0.672
122.608	0.672
122.713	0.668
122.817	0.670
122.922	0.668
123.027	0.665
123.133	0.660
123.238	0.657
123.344	0.654
123.450	0.655
123.554	0.650
123.660	0.650
123.766	0.644
123.872	0.642
123.977	0.643
124.082	0.642
124.187	0.639
124.292	0.634
124.397	0.633
124.501	0.629
124.606	0.629
124.710	0.625
124.816	0.625
124.920	0.623
125.025	0.618
125.130	0.615
125.235	0.614
125.340	0.611
125.444	0.606
125.549	0.606
125.653	0.606
125.758	0.598
125.862	0.595
125.966	0.589
126.071	0.586
126.175	0.588
126.280	0.582
126.384	0.576
126.488	0.570
126.593	0.571
126.699	0.568
126.804	0.568
126.909	0.555
127.014	0.551
127.118	0.553
127.223	0.558
127.329	0.549
127.435	0.541
127.540	0.536
127.644	0.536
127.750	0.540
127.855	0.536
127.960	0.524
128.066	0.524
128.172	0.518
128.276	0.520
128.380	0.522
128.485	0.511
128.591	0.499
128.696	0.502
128.801	0.506
128.906	0.503
129.010	0.500
129.115	0.493
129.220	0.490
129.325	0.490
129.429	0.497
129.534	0.487
129.640	0.485
129.745	0.479
129.850	0.479
129.954	0.481
130.060	0.485
130.165	0.476
130.270	0.472
130.375	0.469
130.480	0.467
130.586	0.470
130.692	0.466
130.796	0.467
130.900	0.452
131.006	0.455
131.110	0.454
131.216	0.453
131.322	0.455
131.427	0.449
131.532	0.446
131.637	0.442
131.744	0.443
131.848	0.442
131.952	0.437
132.057	0.437
132.161	0.431
132.267	0.432
132.371	0.431
132.477	0.432
132.582	0.428
132.688	0.423
132.793	0.424
132.898	0.422
133.003	0.419
133.109	0.419
133.213	0.416
133.317	0.409
133.422	0.410
133.527	0.407
133.632	0.407
133.736	0.406
133.841	0.403
133.947	0.399
134.052	0.392
134.156	0.397
134.260	0.397
134.366	0.392
134.470	0.392
134.574	0.390
134.680	0.385
134.784	0.382
134.890	0.380
134.996	0.381
135.100	0.378
135.204	0.377
135.309	0.374
135.414	0.370
135.518	0.368
135.622	0.368
135.728	0.366
135.833	0.362
135.938	0.361
136.043	0.358
136.147	0.359
136.252	0.355
136.356	0.354
136.461	0.351
136.565	0.347
136.670	0.342
136.775	0.343
136.880	0.343
136.984	0.343
137.089	0.341
137.195	0.336
137.300	0.336
137.404	0.332
137.510	0.327
137.615	0.330
137.720	0.327
137.826	0.325
137.932	0.322
138.038	0.320
138.143	0.311
138.248	0.311
138.353	0.309
138.458	0.306
138.563	0.300
138.667	0.295
138.773	0.291
138.878	0.290
138.984	0.288
139.090	0.282
139.194	0.282
139.300	0.280
139.405	0.273
139.510	0.271
139.615	0.268
139.720	0.265
139.824	0.265
139.930	0.260
140.034	0.258
140.139	0.259
140.244	0.252
140.348	0.253
140.454	0.250
140.559	0.249
140.664	0.244
140.768	0.243
140.873	0.244
140.978	0.241
141.082	0.241
141.187	0.237
141.291	0.235
141.395	0.233
141.500	0.233
141.604	0.232
141.708	0.229
141.812	0.225
141.918	0.225
142.022	0.225
142.128	0.221
142.232	0.218
142.336	0.217
142.441	0.217
142.545	0.217
142.649	0.213
142.755	0.214
142.860	0.213
142.964	0.208
143.068	0.208
143.173	0.205
143.277	0.204
143.383	0.202
143.488	0.203
143.593	0.202
143.698	0.200
143.803	0.198
143.908	0.197
144.013	0.196
144.117	0.195
144.221	0.196
144.327	0.194
144.433	0.192
144.538	0.189
144.643	0.188
144.749	0.187
144.854	0.187
144.958	0.187
145.063	0.183
145.168	0.182
145.273	0.180
145.377	0.182
145.483	0.182
145.589	0.181
145.694	0.177
145.800	0.180
145.905	0.180
146.010	0.179
146.113	0.175
146.219	0.178
146.324	0.173
146.430	0.177
146.535	0.174
146.640	0.173
146.744	0.175
146.850	0.172
146.955	0.172
147.060	0.171
147.165	0.172
147.270	0.170
147.375	0.170
147.479	0.171
147.585	0.170
147.689	0.169
147.795	0.171
