5.884	6.002
5.992	6.004
6.097	6.007
6.201	6.005
6.307	6.004
6.411	6.002
6.518	6.000
6.623	5.998
6.727	5.997
6.833	5.999
6.938	5.992
7.044	5.994
7.150	5.989
7.254	5.983
7.359	5.988
7.464	5.981
7.570	5.980
7.675	5.978
7.781	5.974
7.885	5.972
7.989	5.970
8.094	5.971
8.199	5.964
8.303	5.966
8.409	5.962
8.514	5.964
8.619	5.959
8.724	5.957
8.829	5.959
8.933	5.957
9.037	5.952
9.143	5.950
9.248	5.949
9.353	5.943
9.457	5.942
9.562	5.939
9.667	5.938
9.771	5.939
9.876	5.937
9.981	5.937
10.087	5.932
10.192	5.931
10.297	5.931
10.402	5.925
10.506	5.924
10.610	5.924
10.715	5.921
10.820	5.920
10.926	5.917
11.030	5.912
11.137	5.912
11.242	5.910
11.347	5.911
11.452	5.907
11.556	5.905
11.661	5.905
11.767	5.902
11.872	5.899
11.977	5.900
12.082	5.893
12.187	5.891
12.292	5.893
12.397	5.891
12.501	5.888
12.607	5.883
12.712	5.882
12.817	5.880
12.921	5.881
13.027	5.875
13.132	5.878
13.237	5.877
13.341	5.871
13.447	5.871
13.551	5.867
13.657	5.863
13.761	5.863
13.865	5.862
13.971	5.857
14.077	5.856
14.182	5.859
14.287	5.850
14.391	5.853
14.497	5.849
14.602	5.847
14.707	5.846
14.812	5.843
14.917	5.843
15.022	5.840
15.127	5.838
15.232	5.835
15.337	5.835
15.442	5.831
15.547	5.829
15.652	5.825
15.757	5.824
15.862	5.823
15.967	5.822
16.072	5.816
16.176	5.815
16.281	5.815
16.386	5.816
16.492	5.814
16.597	5.809
16.702	5.810
16.806	5.804
16.911	5.807
17.016	5.804
17.121	5.799
17.226	5.798
17.331	5.799
17.436	5.793
17.541	5.790
17.647	5.793
17.752	5.787
17.857	5.787
17.961	5.785
18.066	5.784
18.170	5.779
18.275	5.783
18.381	5.777
18.487	5.777
18.592	5.771
18.696	5.770
18.801	5.770
18.906	5.766
19.011	5.766
19.115	5.759
19.219	5.759
19.324	5.761
19.429	5.755
19.534	5.754
19.640	5.752
19.745	5.750
19.850	5.747
19.955	5.748
20.060	5.746
20.167	5.743
20.271	5.741
20.377	5.743
20.482	5.736
20.587	5.735
20.692	5.733
20.797	5.736
20.902	5.731
21.007	5.729
21.111	5.724
21.215	5.724
21.320	5.722
21.425	5.719
21.531	5.716
21.636	5.714
21.742	5.712
21.847	5.712
21.951	5.713
22.055	5.708
22.160	5.707
22.264	5.703
22.369	5.703
22.474	5.699
22.579	5.700
22.683	5.696
22.789	5.694
22.894	5.692
22.999	5.694
23.104	5.689
23.208	5.688
23.314	5.687
23.420	5.682
23.524	5.680
23.628	5.680
23.733	5.675
23.838	5.676
23.944	5.675
24.049	5.671
24.154	5.668
24.259	5.667
24.363	5.665
24.468	5.665
24.572	5.660
24.677	5.662
24.782	5.658
24.886	5.652
24.990	5.652
25.094	5.651
25.198	5.648
25.304	5.644
25.409	5.645
25.514	5.643
25.618	5.637
25.723	5.636
25.829	5.638
25.934	5.635
26.038	5.631
26.144	5.631
26.249	5.629
26.353	5.625
26.459	5.626
26.563	5.624
26.669	5.623
26.774	5.619
26.878	5.620
26.984	5.617
27.089	5.615
27.195	5.611
27.299	5.608
27.404	5.610
27.509	5.606
27.616	5.602
27.720	5.604
27.824	5.599
27.930	5.599
28.036	5.597
28.141	5.598
28.246	5.594
28.352	5.591
28.457	5.591
28.563	5.588
28.668	5.587
28.773	5.581
28.878	5.578
28.984	5.585
29.088	5.581
29.193	5.572
29.299	5.577
29.404	5.579
29.509	5.561
29.615	5.575
29.719	5.562
29.824	5.559
29.930	5.567
30.034	5.562
30.138	5.559
30.245	5.557
30.349	5.559
30.454	5.553
30.559	5.550
30.664	5.551
30.769	5.549
30.875	5.544
30.979	5.541
31.085	5.542
31.189	5.541
31.294	5.537
31.400	5.535
31.504	5.534
31.609	5.533
31.714	5.528
31.818	5.527
31.923	5.526
32.028	5.526
32.134	5.524
32.238	5.517
32.343	5.516
32.450	5.516
32.553	5.514
32.658	5.511
32.763	5.510
32.868	5.505
32.974	5.508
33.080	5.502
33.186	5.504
33.291	5.501
33.396	5.496
33.501	5.494
33.606	5.495
33.711	5.495
33.817	5.494
33.921	5.490
34.026	5.487
34.130	5.485
34.236	5.484
34.342	5.480
34.447	5.481
34.552	5.477
34.657	5.476
34.762	5.471
34.868	5.472
34.972	5.470
35.077	5.468
35.182	5.466
35.287	5.462
35.393	5.462
35.498	5.459
35.604	5.456
35.709	5.455
35.814	5.452
35.920	5.452
36.025	5.447
36.129	5.451
36.235	5.448
36.340	5.444
36.445	5.446
36.549	5.442
36.654	5.438
36.759	5.438
36.864	5.435
36.968	5.435
37.074	5.431
37.179	5.430
37.284	5.427
37.389	5.424
37.494	5.424
37.600	5.421
37.705	5.418
37.811	5.417
37.917	5.416
38.022	5.411
38.128	5.412
38.232	5.410
38.337	5.406
38.442	5.406
38.546	5.405
38.651	5.401
38.757	5.398
38.861	5.398
38.966	5.399
39.071	5.396
39.177	5.393
39.281	5.386
39.385	5.388
39.490	5.387
39.593	5.386
39.699	5.386
39.804	5.381
39.909	5.377
40.014	5.374
40.120	5.378
40.224	5.374
40.328	5.370
40.434	5.375
40.540	5.368
40.644	5.364
40.749	5.360
40.854	5.360
40.959	5.359
41.064	5.358
41.169	5.358
41.274	5.356
41.379	5.352
41.485	5.350
41.590	5.349
41.696	5.346
41.801	5.344
41.905	5.339
42.009	5.341
42.114	5.339
42.219	5.334
42.324	5.337
42.430	5.333
42.536	5.333
42.640	5.330
42.745	5.324
42.849	5.326
42.954	5.322
43.059	5.322
43.163	5.318
43.269	5.319
43.374	5.315
43.479	5.310
43.584	5.310
43.689	5.310
43.794	5.305
43.899	5.307
44.003	5.303
44.108	5.301
44.214	5.298
44.318	5.301
44.422	5.300
44.527	5.292
44.631	5.291
44.737	5.290
44.842	5.290
44.946	5.285
45.050	5.286
45.155	5.279
45.260	5.281
45.365	5.277
45.469	5.277
45.574	5.276
45.678	5.267
45.784	5.275
45.888	5.268
45.994	5.267
46.098	5.263
46.202	5.261
46.307	5.264
46.411	5.260
46.517	5.254
46.623	5.251
46.726	5.251
46.832	5.254
46.936	5.248
47.042	5.247
47.146	5.245
47.252	5.240
47.357	5.245
47.462	5.243
47.568	5.233
47.672	5.234
47.777	5.236
47.881	5.235
47.987	5.230
48.092	5.228
48.197	5.228
48.300	5.226
48.406	5.221
48.511	5.221
48.617	5.220
48.722	5.216
48.827	5.214
48.931	5.213
49.037	5.214
49.143	5.207
49.248	5.205
49.351	5.204
49.457	5.202
49.563	5.203
49.667	5.196
49.773	5.195
49.878	5.197
49.983	5.194
50.087	5.192
50.192	5.187
50.297	5.190
50.402	5.187
50.507	5.184
50.611	5.186
50.716	5.182
50.822	5.181
50.927	5.178
51.032	5.179
51.137	5.175
51.242	5.175
51.346	5.172
51.451	5.169
51.556	5.165
51.660	5.162
51.766	5.162
51.871	5.160
51.976	5.157
52.081	5.158
52.185	5.153
52.290	5.151
52.395	5.151
52.499	5.149
52.604	5.147
52.708	5.145
52.814	5.143
52.920	5.140
53.024	5.140
53.130	5.135
53.234	5.134
53.339	5.134
53.444	5.133
53.548	5.130
53.653	5.128
53.758	5.124
53.863	5.124
53.969	5.121
54.074	5.117
54.179	5.117
54.284	5.116
54.389	5.113
54.494	5.112
54.599	5.111
54.704	5.108
54.809	5.105
54.913	5.105
55.018	5.102
55.122	5.099
55.226	5.097
55.331	5.096
55.436	5.094
55.542	5.092
55.646	5.089
55.751	5.088
55.857	5.085
55.961	5.080
56.066	5.077
56.172	5.079
56.278	5.076
56.384	5.075
56.489	5.071
56.595	5.071
56.699	5.069
56.804	5.068
56.909	5.064
57.015	5.062
57.120	5.064
57.224	5.059
57.330	5.060
57.434	5.058
57.540	5.054
57.645	5.053
57.750	5.048
57.854	5.049
57.959	5.048
58.064	5.046
58.169	5.043
58.275	5.038
58.380	5.039
58.484	5.036
58.590	5.037
58.694	5.032
58.798	5.033
58.902	5.033
59.007	5.024
59.112	5.026
59.217	5.022
59.321	5.020
59.427	5.018
59.531	5.017
59.637	5.019
59.742	5.014
59.847	5.009
59.952	5.010
60.056	5.011
60.160	5.008
60.264	5.004
60.368	5.003
60.474	5.000
60.579	4.998
60.685	4.999
60.790	4.994
60.895	4.993
60.999	4.990
61.105	4.989
61.210	4.990
61.315	4.988
61.420	4.983
61.524	4.985
61.628	4.982
61.734	4.979
61.840	4.977
61.944	4.978
62.050	4.974
62.156	4.972
62.261	4.970
62.367	4.968
62.472	4.966
62.577	4.965
62.681	4.964
62.787	4.958
62.891	4.959
62.996	4.957
63.102	4.954
63.207	4.953
63.311	4.949
63.416	4.948
63.520	4.944
63.626	4.947
63.731	4.945
63.837	4.941
63.942	4.940
64.046	4.939
64.150	4.933
64.256	4.930
64.360	4.930
64.464	4.931
64.569	4.928
64.673	4.926
64.778	4.925
64.882	4.920
64.988	4.920
65.092	4.918
65.197	4.914
65.301	4.917
65.406	4.913
65.511	4.913
65.616	4.909
65.721	4.905
65.826	4.907
65.932	4.902
66.037	4.902
66.142	4.899
66.247	4.896
66.352	4.892
66.457	4.894
66.562	4.889
66.667	4.887
66.772	4.887
66.877	4.885
66.982	4.881
67.086	4.883
67.193	4.879
67.298	4.876
67.404	4.873
67.509	4.868
67.614	4.870
67.719	4.869
67.824	4.869
67.929	4.865
68.034	4.862
68.139	4.860
68.244	4.859
68.348	4.855
68.453	4.855
68.559	4.852
68.665	4.850
68.769	4.849
68.874	4.844
68.980	4.845
69.085	4.844
69.190	4.840
69.294	4.841
69.400	4.838
69.504	4.839
69.610	4.830
69.715	4.834
69.821	4.833
69.926	4.827
70.031	4.824
70.136	4.827
70.242	4.823
70.347	4.822
70.452	4.822
70.557	4.818
70.663	4.816
70.767	4.814
70.872	4.813
70.978	4.810
71.083	4.807
71.188	4.807
71.293	4.805
71.398	4.801
71.502	4.797
71.608	4.797
71.713	4.794
71.819	4.794
71.923	4.790
72.030	4.788
72.134	4.787
72.239	4.784
72.344	4.781
72.449	4.778
72.553	4.780
72.658	4.777
72.763	4.776
72.869	4.775
72.974	4.772
73.079	4.772
73.184	4.770
73.289	4.766
73.395	4.766
73.500	4.765
73.606	4.760
73.711	4.759
73.816	4.759
73.922	4.753
74.027	4.752
74.132	4.752
74.237	4.752
74.341	4.749
74.446	4.746
74.552	4.744
74.657	4.743
74.762	4.739
74.866	4.739
74.971	4.736
75.078	4.735
75.183	4.735
75.288	4.732
75.392	4.728
75.497	4.724
75.602	4.724
75.707	4.723
75.812	4.721
75.917	4.720
76.022	4.717
76.127	4.712
76.232	4.715
76.338	4.711
76.442	4.711
76.547	4.707
76.652	4.708
76.757	4.706
76.862	4.703
76.967	4.702
77.073	4.699
77.178	4.700
77.283	4.697
77.388	4.693
77.494	4.692
77.599	4.690
77.704	4.687
77.809	4.686
77.914	4.686
78.019	4.679
78.124	4.680
78.229	4.676
78.334	4.678
78.441	4.675
78.545	4.672
78.651	4.670
78.757	4.671
78.862	4.669
78.967	4.668
79.072	4.660
79.177	4.662
79.282	4.660
79.387	4.657
79.493	4.656
79.597	4.655
79.702	4.654
79.807	4.650
79.913	4.651
80.017	4.648
80.122	4.643
80.227	4.642
80.331	4.642
80.436	4.641
80.540	4.636
80.645	4.634
80.751	4.631
80.855	4.632
80.960	4.626
81.064	4.628
81.169	4.626
81.274	4.623
81.378	4.625
81.484	4.621
81.590	4.621
81.695	4.617
81.800	4.617
81.904	4.613
82.010	4.610
82.116	4.608
82.220	4.609
82.325	4.604
82.431	4.600
82.536	4.600
82.640	4.599
82.747	4.598
82.852	4.596
82.957	4.591
83.061	4.591
83.167	4.592
83.272	4.587
83.378	4.584
83.483	4.583
83.588	4.583
83.693	4.583
83.799	4.579
83.905	4.579
84.012	4.574
84.117	4.573
84.221	4.572
84.327	4.568
84.433	4.565
84.538	4.568
84.644	4.566
84.748	4.562
84.853	4.561
84.959	4.556
85.063	4.560
85.169	4.554
85.274	4.550
85.379	4.548
85.484	4.548
85.589	4.547
85.695	4.548
85.800	4.543
85.904	4.537
86.008	4.536
86.114	4.537
86.220	4.537
86.324	4.531
86.429	4.532
86.534	4.528
86.640	4.526
86.744	4.523
86.849	4.519
86.954	4.520
87.058	4.519
87.163	4.517
87.268	4.515
87.373	4.513
87.479	4.512
87.584	4.509
87.689	4.510
87.794	4.505
87.900	4.504
88.005	4.501
88.111	4.498
88.216	4.490
88.322	4.490
88.427	4.492
88.533	4.489
88.638	4.490
88.743	4.487
88.849	4.487
88.954	4.483
89.059	4.485
89.164	4.480
89.270	4.477
89.374	4.476
89.479	4.476
89.584	4.472
89.690	4.467
89.797	4.470
89.902	4.466
90.006	4.466
90.110	4.462
90.216	4.458
90.321	4.460
90.426	4.455
90.531	4.454
90.636	4.455
90.741	4.452
90.845	4.451
90.950	4.449
91.056	4.447
91.160	4.444
91.264	4.447
91.368	4.441
91.472	4.436
91.578	4.436
91.683	4.433
91.787	4.435
91.892	4.433
91.997	4.427
92.102	4.431
92.207	4.424
92.312	4.417
92.417	4.423
92.522	4.421
92.628	4.418
92.733	4.415
92.839	4.416
92.944	4.412
93.049	4.411
93.154	4.408
93.259	4.405
93.364	4.405
93.469	4.402
93.574	4.398
93.678	4.401
93.784	4.397
93.889	4.396
93.995	4.395
94.100	4.391
94.205	4.386
94.309	4.384
94.414	4.386
94.518	4.384
94.624	4.384
94.728	4.381
94.834	4.380
94.939	4.378
95.043	4.378
95.148	4.374
95.254	4.370
95.359	4.368
95.463	4.365
95.569	4.365
95.673	4.367
95.778	4.358
95.882	4.358
95.987	4.356
96.092	4.354
96.197	4.355
96.301	4.351
96.407	4.351
96.513	4.346
96.617	4.347
96.722	4.343
96.827	4.342
96.933	4.344
97.037	4.338
97.142	4.336
97.245	4.335
97.349	4.335
97.454	4.331
97.560	4.328
97.664	4.327
97.768	4.324
97.873	4.325
97.978	4.318
98.084	4.321
98.189	4.318
98.294	4.316
98.400	4.313
98.505	4.314
98.609	4.310
98.714	4.308
98.818	4.306
98.924	4.302
99.029	4.303
99.134	4.304
99.239	4.300
99.344	4.299
99.448	4.289
99.554	4.291
99.660	4.290
99.765	4.289
99.871	4.288
99.976	4.287
100.082	4.285
100.188	4.286
100.293	4.279
100.398	4.279
100.503	4.275
100.609	4.275
100.714	4.275
100.819	4.273
100.924	4.271
101.029	4.269
101.134	4.264
101.238	4.264
101.344	4.262
101.449	4.260
101.554	4.258
101.659	4.256
101.764	4.253
101.868	4.250
101.972	4.252
102.077	4.249
102.182	4.247
102.287	4.245
102.394	4.242
102.499	4.242
102.605	4.240
102.712	4.239
102.817	4.236
102.922	4.234
103.027	4.235
103.132	4.230
103.236	4.228
103.341	4.228
103.446	4.227
103.552	4.222
103.655	4.222
103.759	4.221
103.864	4.221
103.969	4.214
104.074	4.213
104.178	4.214
104.282	4.209
104.387	4.205
104.491	4.205
104.596	4.207
104.701	4.204
104.805	4.201
104.908	4.200
105.013	4.197
105.120	4.194
105.224	4.194
105.328	4.191
105.433	4.192
105.537	4.190
105.642	4.186
105.748	4.183
105.852	4.181
105.957	4.179
106.063	4.180
106.167	4.176
106.272	4.171
106.378	4.171
106.483	4.171
106.588	4.169
106.694	4.164
106.798	4.165
106.902	4.165
107.007	4.160
107.111	4.160
107.217	4.156
107.322	4.159
107.427	4.150
107.533	4.152
107.637	4.154
107.741	4.148
107.847	4.147
107.952	4.144
108.058	4.146
108.162	4.140
108.267	4.137
108.372	4.136
108.477	4.134
108.582	4.132
108.687	4.129
108.791	4.128
108.896	4.129
109.002	4.127
109.106	4.120
109.212	4.122
109.317	4.122
109.422	4.118
109.527	4.120
109.632	4.115
109.736	4.115
109.842	4.110
109.947	4.108
110.052	4.108
110.157	4.108
110.261	4.104
110.365	4.102
110.469	4.100
110.574	4.101
110.679	4.097
110.785	4.095
110.889	4.092
110.993	4.092
111.100	4.088
111.205	4.085
111.310	4.087
111.416	4.085
111.521	4.082
111.626	4.077
111.732	4.080
111.837	4.075
111.942	4.074
112.048	4.071
112.152	4.072
112.257	4.069
112.362	4.068
112.467	4.063
112.572	4.062
112.678	4.062
112.782	4.059
112.887	4.057
112.992	4.055
113.097	4.056
113.202	4.050
113.307	4.050
113.412	4.049
113.517	4.051
113.622	4.044
113.727	4.043
113.832	4.039
113.936	4.038
114.040	4.035
114.145	4.034
114.250	4.036
114.355	4.031
114.459	4.032
114.563	4.026
114.667	4.022
114.772	4.023
114.877	4.021
114.981	4.021
115.087	4.016
115.192	4.016
115.296	4.013
115.401	4.013
115.506	4.009
115.610	4.007
115.716	4.006
115.821	4.006
115.926	4.003
116.029	4.000
116.135	3.997
116.239	4.000
116.343	3.996
116.448	3.998
116.554	3.992
116.659	3.990
116.765	3.989
116.869	3.986
116.974	3.983
117.080	3.984
117.184	3.982
117.290	3.980
117.394	3.981
117.499	3.979
117.604	3.978
117.710	3.970
117.814	3.973
117.921	3.970
118.027	3.968
118.132	3.966
118.236	3.964
118.340	3.964
118.446	3.959
118.552	3.957
118.657	3.953
118.762	3.951
118.867	3.950
118.972	3.950
119.077	3.951
119.181	3.948
119.285	3.941
119.390	3.944
119.494	3.945
119.598	3.938
119.703	3.935
119.807	3.938
119.912	3.931
120.016	3.934
120.122	3.932
120.226	3.929
120.331	3.923
120.437	3.923
120.542	3.926
120.647	3.918
120.752	3.920
120.857	3.916
120.962	3.915
121.067	3.914
121.172	3.913
121.276	3.911
121.382	3.908
121.488	3.906
121.592	3.901
121.697	3.902
121.802	3.899
121.907	3.895
122.013	3.894
122.117	3.895
122.222	3.895
122.327	3.888
122.432	3.890
122.537	3.885
122.642	3.885
122.747	3.880
122.852	3.879
122.958	3.876
123.064	3.876
123.169	3.875
123.274	3.872
123.380	3.869
123.485	3.867
123.590	3.865
123.694	3.868
123.799	3.865
123.905	3.865
124.009	3.858
124.115	3.862
124.219	3.857
124.324	3.856
124.429	3.852
124.533	3.851
124.639	3.852
124.745	3.850
124.848	3.845
124.953	3.843
125.058	3.844
125.162	3.842
125.268	3.841
125.372	3.839
125.477	3.836
125.581	3.834
125.687	3.833
125.792	3.829
125.897	3.826
126.002	3.823
126.106	3.825
126.211	3.825
126.316	3.822
126.421	3.821
126.527	3.817
126.632	3.814
126.738	3.814
126.842	3.811
126.948	3.811
127.054	3.810
127.158	3.809
127.262	3.807
127.367	3.806
127.472	3.803
127.578	3.799
127.685	3.796
127.788	3.800
127.894	3.794
128.000	3.792
128.105	3.787
128.209	3.787
128.315	3.785
128.418	3.787
128.525	3.781
128.629	3.781
128.734	3.781
128.838	3.779
128.942	3.776
129.048	3.773
129.152	3.773
129.257	3.771
129.361	3.769
129.466	3.766
129.571	3.763
129.677	3.763
129.783	3.762
129.886	3.756
129.991	3.758
130.096	3.757
130.200	3.752
130.306	3.752
130.412	3.754
130.517	3.752
130.622	3.748
130.727	3.744
130.832	3.746
130.936	3.742
131.042	3.740
131.147	3.738
131.252	3.735
131.356	3.736
131.462	3.732
131.567	3.731
131.672	3.728
131.776	3.726
131.881	3.723
131.985	3.724
132.090	3.717
132.194	3.715
132.298	3.717
132.403	3.713
132.507	3.715
132.612	3.718
132.718	3.711
132.823	3.710
132.928	3.707
133.034	3.707
133.139	3.706
133.244	3.700
133.350	3.700
133.455	3.696
133.560	3.696
133.664	3.694
133.770	3.689
133.875	3.692
133.980	3.687
134.086	3.688
134.190	3.685
134.294	3.682
134.399	3.677
134.505	3.678
134.610	3.679
134.714	3.676
134.818	3.673
134.923	3.672
135.027	3.668
135.132	3.666
135.238	3.666
135.342	3.666
135.448	3.665
135.552	3.660
135.657	3.660
135.762	3.657
135.867	3.655
135.972	3.652
136.077	3.653
136.182	3.649
136.286	3.649
136.391	3.651
136.497	3.643
136.602	3.641
136.706	3.640
136.812	3.640
136.917	3.638
137.022	3.635
137.128	3.632
137.234	3.632
137.339	3.630
137.445	3.629
137.549	3.628
137.654	3.626
137.760	3.623
137.865	3.622
137.970	3.619
138.074	3.616
138.179	3.610
138.285	3.612
138.391	3.614
138.497	3.610
138.602	3.607
138.707	3.608
138.811	3.605
138.915	3.604
139.022	3.600
139.126	3.598
139.231	3.596
139.336	3.591
139.440	3.590
139.545	3.592
139.650	3.591
139.754	3.584
139.859	3.587
139.965	3.586
140.070	3.585
140.174	3.579
140.280	3.581
140.385	3.577
140.490	3.577
140.595	3.575
140.700	3.571
140.805	3.570
140.909	3.570
141.015	3.565
141.119	3.566
141.224	3.562
141.329	3.562
141.435	3.559
141.540	3.555
141.645	3.556
141.749	3.554
141.855	3.548
141.960	3.548
142.065	3.550
142.170	3.546
142.275	3.544
142.379	3.544
142.485	3.540
142.590	3.543
142.694	3.536
142.800	3.538
142.905	3.536
143.010	3.533
143.115	3.529
143.221	3.531
143.325	3.527
143.431	3.524
143.537	3.526
143.641	3.523
143.746	3.521
143.850	3.518
143.955	3.515
144.062	3.516
144.167	3.513
144.273	3.514
144.378	3.510
144.485	3.505
144.590	3.507
144.695	3.502
144.800	3.500
144.905	3.501
145.009	3.495
145.113	3.494
145.218	3.495
145.325	3.492
145.430	3.491
145.535	3.488
145.640	3.486
145.745	3.483
145.849	3.484
145.953	3.481
146.058	3.478
146.164	3.476
146.268	3.480
146.374	3.477
146.480	3.473
146.585	3.470
146.691	3.471
146.795	3.467
146.900	3.466
147.004	3.463
147.111	3.460
147.216	3.458
147.322	3.456
147.428	3.455
147.534	3.455
147.640	3.453
147.744	3.444
147.850	3.451
147.955	3.448
148.059	3.444
148.164	3.444
148.269	3.444
148.374	3.441
148.478	3.435
148.583	3.439
148.688	3.434
148.792	3.435
148.897	3.431
149.002	3.430
149.107	3.429
149.212	3.427
149.316	3.424
149.422	3.423
149.527	3.418
149.633	3.420
149.737	3.415
149.842	3.413
149.947	3.412
150.052	3.409
150.157	3.407
150.262	3.408
150.368	3.405
150.472	3.404
150.576	3.400
150.680	3.400
150.784	3.395
150.889	3.395
150.994	3.395
151.100	3.392
151.205	3.391
151.310	3.388
151.415	3.386
151.521	3.388
151.625	3.383
151.730	3.384
151.835	3.379
151.940	3.380
152.045	3.380
152.150	3.374
152.255	3.371
152.359	3.371
152.464	3.367
152.570	3.366
152.675	3.367
152.782	3.366
152.887	3.364
152.993	3.362
153.100	3.358
153.205	3.359
153.310	3.359
153.415	3.352
153.519	3.352
153.624	3.351
153.728	3.347
153.833	3.347
153.937	3.345
154.040	3.343
154.145	3.342
154.249	3.338
154.355	3.337
154.461	3.334
154.565	3.333
154.669	3.329
154.774	3.331
154.878	3.330
154.985	3.329
155.090	3.325
155.195	3.323
155.300	3.324
155.404	3.320
155.510	3.317
155.615	3.316
155.720	3.313
155.825	3.312
155.930	3.311
156.035	3.309
156.140	3.308
156.245	3.306
156.349	3.304
156.455	3.304
156.560	3.300
156.665	3.297
156.769	3.298
156.875	3.295
156.980	3.296
157.084	3.289
157.189	3.292
157.293	3.291
157.398	3.286
157.503	3.284
157.607	3.288
157.712	3.283
157.817	3.279
157.922	3.276
158.027	3.277
158.133	3.273
158.237	3.270
158.342	3.270
158.447	3.272
158.551	3.267
158.657	3.264
158.761	3.266
158.865	3.261
158.970	3.259
159.075	3.257
159.180	3.257
159.285	3.253
159.390	3.254
159.495	3.252
159.600	3.251
159.705	3.247
159.809	3.246
159.915	3.243
160.019	3.244
160.124	3.241
160.229	3.237
160.334	3.239
160.438	3.238
160.542	3.233
160.648	3.231
160.753	3.234
160.858	3.230
160.965	3.228
161.070	3.224
161.174	3.223
161.280	3.225
161.385	3.221
161.491	3.217
161.595	3.217
161.700	3.216
161.806	3.213
161.912	3.207
162.016	3.211
162.120	3.208
162.225	3.206
162.329	3.203
162.434	3.203
162.539	3.200
162.645	3.198
162.750	3.196
162.855	3.194
162.960	3.189
163.064	3.191
163.168	3.192
163.273	3.187
163.378	3.186
163.483	3.183
163.588	3.183
163.695	3.180
163.800	3.178
163.904	3.177
164.010	3.179
164.115	3.173
164.220	3.172
164.323	3.170
164.430	3.171
164.535	3.168
164.641	3.162
164.746	3.161
164.850	3.162
164.955	3.161
165.059	3.153
165.164	3.154
165.269	3.155
165.373	3.154
165.478	3.149
165.582	3.149
165.687	3.149
165.791	3.145
165.897	3.145
166.002	3.144
166.107	3.139
166.212	3.139
166.317	3.134
166.421	3.134
166.526	3.136
166.631	3.132
166.736	3.132
166.842	3.126
166.946	3.124
167.052	3.120
167.156	3.120
167.260	3.119
167.365	3.119
167.470	3.113
167.574	3.113
167.678	3.113
167.783	3.108
167.888	3.106
167.995	3.108
168.099	3.106
168.203	3.103
168.308	3.106
168.412	3.102
168.518	3.098
168.622	3.097
168.727	3.098
168.832	3.091
168.937	3.090
169.042	3.087
169.148	3.086
169.255	3.087
169.360	3.084
169.464	3.082
169.570	3.078
169.675	3.076
169.780	3.076
169.885	3.074
169.990	3.073
170.095	3.068
170.200	3.070
170.305	3.065
170.411	3.067
170.516	3.064
170.622	3.059
170.726	3.061
170.830	3.059
170.934	3.058
171.039	3.053
171.143	3.054
171.248	3.052
171.353	3.052
171.459	3.049
171.564	3.049
171.668	3.047
171.775	3.043
171.880	3.036
171.985	3.036
172.090	3.037
172.194	3.038
172.298	3.033
172.403	3.031
172.507	3.032
172.612	3.029
172.717	3.024
172.822	3.025
172.926	3.020
173.032	3.020
173.138	3.020
173.243	3.021
173.347	3.015
173.452	3.016
173.556	3.011
173.660	3.012
173.765	3.008
173.871	3.006
173.975	3.005
174.079	3.003
174.185	3.003
174.289	3.000
174.395	3.000
174.500	2.998
174.605	2.997
174.710	2.994
174.815	2.991
174.920	2.990
175.026	2.989
175.130	2.990
175.234	2.984
175.340	2.985
175.446	2.980
175.550	2.980
175.655	2.979
175.760	2.976
175.865	2.976
175.969	2.973
176.074	2.970
176.179	2.969
176.283	2.970
176.388	2.965
176.493	2.964
176.598	2.962
176.703	2.959
176.808	2.958
176.913	2.960
177.017	2.953
177.123	2.951
177.227	2.949
177.333	2.951
177.438	2.948
177.545	2.946
177.648	2.944
177.755	2.943
177.860	2.939
177.964	2.937
178.070	2.936
178.174	2.933
178.278	2.935
178.383	2.930
178.488	2.930
178.593	2.924
178.697	2.928
178.801	2.924
178.906	2.922
179.012	2.921
179.117	2.921
179.222	2.917
179.328	2.921
179.432	2.914
179.536	2.913
179.641	2.911
179.746	2.911
179.852	2.906
179.958	2.905
180.063	2.902
180.167	2.901
180.272	2.903
180.377	2.896
180.483	2.896
180.587	2.892
180.692	2.895
180.797	2.891
180.902	2.887
181.006	2.887
181.111	2.884
181.216	2.882
181.323	2.880
181.427	2.881
181.533	2.877
181.639	2.878
181.745	2.876
181.849	2.874
181.954	2.872
182.059	2.870
182.165	2.868
182.270	2.867
182.375	2.863
182.479	2.862
182.583	2.858
182.688	2.857
182.792	2.857
182.898	2.857
183.002	2.855
183.107	2.851
183.212	2.848
183.318	2.850
183.423	2.848
183.528	2.845
183.633	2.843
183.737	2.844
183.842	2.838
183.948	2.839
184.052	2.834
184.156	2.833
184.260	2.834
184.365	2.832
184.470	2.829
184.575	2.827
184.681	2.826
184.786	2.826
184.892	2.819
184.996	2.820
185.100	2.821
185.205	2.814
185.309	2.811
185.415	2.812
185.520	2.809
185.625	2.811
185.730	2.807
185.835	2.804
185.941	2.803
186.045	2.806
186.149	2.802
186.253	2.800
186.357	2.793
186.462	2.798
186.568	2.794
186.674	2.794
186.780	2.791
186.885	2.790
186.989	2.788
187.094	2.788
187.199	2.784
187.303	2.786
187.407	2.782
187.512	2.778
187.617	2.776
187.722	2.775
187.827	2.773
187.932	2.770
188.035	2.771
188.141	2.768
188.247	2.768
188.352	2.767
188.457	2.764
188.562	2.763
188.668	2.760
188.772	2.758
188.878	2.759
188.982	2.755
189.087	2.753
189.193	2.751
189.297	2.748
189.401	2.749
189.506	2.746
189.610	2.744
189.717	2.741
189.822	2.743
189.929	2.737
190.032	2.736
190.137	2.737
190.243	2.733
190.350	2.734
190.455	2.729
190.560	2.731
190.664	2.725
190.769	2.727
190.873	2.723
190.980	2.722
191.085	2.722
191.190	2.718
191.295	2.715
191.399	2.713
191.505	2.713
191.609	2.709
191.715	2.708
191.819	2.707
191.923	2.706
192.027	2.705
192.132	2.702
192.238	2.705
192.345	2.698
192.448	2.697
192.553	2.697
192.658	2.695
192.762	2.690
192.868	2.693
192.972	2.689
193.077	2.687
193.184	2.684
193.290	2.681
193.395	2.682
193.499	2.678
193.605	2.679
193.709	2.679
193.815	2.676
193.919	2.673
194.025	2.672
194.130	2.670
194.236	2.670
194.340	2.666
194.445	2.666
194.550	2.662
194.655	2.660
194.759	2.659
194.864	2.657
194.970	2.658
195.075	2.654
195.180	2.654
195.285	2.650
195.390	2.652
195.494	2.647
195.599	2.645
195.705	2.640
195.810	2.642
195.914	2.640
196.019	2.636
196.125	2.638
196.231	2.638
196.335	2.634
196.440	2.633
196.545	2.632
196.648	2.628
196.754	2.626
196.860	2.625
196.965	2.625
197.070	2.619
197.175	2.621
197.280	2.617
197.385	2.616
197.490	2.616
197.594	2.614
197.700	2.612
197.806	2.610
197.910	2.609
198.015	2.607
198.121	2.605
198.225	2.604
198.329	2.601
198.435	2.600
198.539	2.602
198.645	2.597
198.750	2.594
198.855	2.596
198.961	2.591
199.066	2.588
199.171	2.589
199.274	2.582
199.379	2.584
199.483	2.583
199.588	2.577
199.694	2.578
199.799	2.576
199.905	2.575
200.009	2.573
200.113	2.571
200.217	2.569
200.322	2.563
200.427	2.565
200.532	2.562
200.636	2.564
200.741	2.564
200.846	2.558
200.952	2.557
201.058	2.556
201.162	2.554
201.267	2.551
201.372	2.548
201.478	2.547
201.582	2.549
201.687	2.549
201.792	2.545
201.897	2.544
202.002	2.540
202.107	2.536
202.212	2.535
202.317	2.534
202.422	2.534
202.526	2.530
202.631	2.530
202.735	2.528
202.840	2.525
202.945	2.524
203.050	2.520
203.155	2.518
203.260	2.521
203.366	2.516
203.472	2.514
203.576	2.513
203.680	2.512
203.785	2.506
203.891	2.509
203.996	2.507
204.102	2.504
204.208	2.502
204.312	2.501
204.417	2.502
204.522	2.501
204.627	2.498
204.731	2.495
204.837	2.492
204.942	2.486
205.048	2.488
205.152	2.488
205.258	2.488
205.363	2.486
205.467	2.481
205.573	2.480
205.678	2.479
205.782	2.479
205.886	2.474
205.990	2.471
206.095	2.471
206.199	2.471
206.304	2.469
206.410	2.467
206.515	2.468
206.620	2.462
206.724	2.462
206.829	2.459
206.935	2.459
207.040	2.458
207.145	2.455
207.250	2.453
207.355	2.454
207.460	2.449
207.565	2.450
207.670	2.443
207.775	2.444
207.881	2.444
207.986	2.442
208.091	2.441
208.196	2.438
208.301	2.435
208.407	2.434
208.512	2.432
208.616	2.430
208.721	2.425
208.825	2.428
208.930	2.426
209.035	2.421
209.140	2.421
209.245	2.420
209.350	2.419
209.454	2.417
209.559	2.418
209.665	2.414
209.770	2.411
209.875	2.408
209.980	2.411
210.085	2.409
210.189	2.404
210.294	2.403
210.398	2.400
210.503	2.397
210.607	2.395
210.713	2.397
210.817	2.398
210.921	2.395
211.026	2.392
211.130	2.392
211.235	2.390
211.339	2.387
211.442	2.381
211.547	2.385
211.652	2.382
211.758	2.384
211.865	2.377
211.970	2.375
212.075	2.375
212.181	2.375
212.286	2.371
212.392	2.366
212.497	2.369
212.602	2.367
212.707	2.366
212.812	2.362
212.917	2.363
213.022	2.354
213.128	2.358
213.232	2.354
213.337	2.353
213.442	2.355
213.548	2.354
213.652	2.350
213.757	2.349
213.863	2.346
213.968	2.344
214.073	2.342
214.178	2.343
214.282	2.338
214.388	2.338
214.493	2.337
214.598	2.332
214.703	2.333
214.809	2.331
214.914	2.326
215.020	2.328
215.124	2.324
215.229	2.323
215.334	2.320
215.438	2.320
215.543	2.318
215.648	2.316
215.752	2.313
215.857	2.313
215.961	2.308
216.066	2.308
216.170	2.307
216.275	2.305
216.380	2.305
216.485	2.303
216.589	2.302
216.693	2.297
216.798	2.297
216.903	2.292
217.008	2.293
217.114	2.288
217.218	2.289
217.322	2.288
217.428	2.288
217.532	2.285
217.636	2.282
217.741	2.278
217.846	2.281
217.952	2.276
218.057	2.277
218.162	2.275
218.267	2.270
218.371	2.269
218.477	2.271
218.581	2.266
218.685	2.265
218.789	2.266
218.895	2.262
219.000	2.261
219.105	2.259
219.208	2.258
219.314	2.258
219.420	2.256
219.524	2.253
219.629	2.249
219.735	2.245
219.840	2.248
219.945	2.244
220.050	2.243
220.154	2.242
220.259	2.240
220.364	2.236
220.469	2.237
220.575	2.237
220.680	2.232
220.785	2.230
220.890	2.231
220.994	2.227
221.100	2.225
221.205	2.222
221.310	2.224
221.415	2.223
221.520	2.218
221.625	2.219
221.730	2.215
221.835	2.213
221.940	2.211
222.045	2.209
222.151	2.211
222.255	2.209
222.359	2.208
222.464	2.206
222.569	2.204
222.675	2.200
222.781	2.199
222.885	2.198
222.990	2.193
223.095	2.194
223.199	2.191
223.304	2.191
223.408	2.190
223.515	2.190
223.620	2.187
223.725	2.186
223.831	2.183
223.937	2.178
224.043	2.179
224.147	2.175
224.252	2.173
224.356	2.176
224.461	2.171
224.568	2.170
224.673	2.166
224.778	2.167
224.883	2.167
224.988	2.166
225.093	2.163
225.198	2.161
225.303	2.159
225.407	2.158
225.513	2.155
225.618	2.153
225.722	2.151
225.827	2.148
225.933	2.147
226.037	2.144
226.142	2.145
226.248	2.143
226.353	2.143
226.458	2.141
226.562	2.137
226.668	2.134
226.772	2.133
226.878	2.136
226.982	2.129
227.088	2.131
227.193	2.129
227.298	2.126
227.403	2.128
227.508	2.122
227.612	2.122
227.717	2.117
227.822	2.118
227.928	2.118
228.033	2.114
228.138	2.111
228.242	2.112
228.348	2.110
228.453	2.107
228.559	2.107
228.663	2.105
228.768	2.105
228.873	2.100
228.977	2.098
229.082	2.099
229.187	2.095
229.292	2.095
229.398	2.095
229.503	2.088
229.608	2.089
229.714	2.085
229.818	2.084
229.923	2.081
230.027	2.080
230.133	2.081
230.237	2.079
230.342	2.076
230.447	2.073
230.552	2.072
230.657	2.072
230.762	2.070
230.866	2.069
230.970	2.064
231.076	2.067
231.181	2.062
231.286	2.065
231.392	2.058
231.496	2.058
231.601	2.057
231.707	2.055
231.813	2.054
231.917	2.050
232.022	2.050
232.127	2.048
232.232	2.048
232.336	2.046
232.441	2.042
232.545	2.044
232.650	2.040
232.755	2.040
232.860	2.035
232.965	2.034
233.071	2.037
233.176	2.029
233.282	2.029
233.387	2.028
233.492	2.023
233.598	2.026
233.704	2.028
233.807	2.020
233.913	2.020
234.019	2.016
234.123	2.017
234.229	2.017
234.332	2.012
234.437	2.010
234.542	2.009
234.648	2.004
234.752	2.004
234.856	2.004
234.961	2.002
235.065	2.002
235.170	1.997
235.275	1.996
235.380	1.994
235.485	1.993
235.590	1.990
235.694	1.990
235.799	1.989
235.905	1.989
236.009	1.985
236.113	1.986
236.218	1.985
236.322	1.980
236.427	1.979
236.532	1.978
236.638	1.976
236.742	1.974
236.847	1.973
236.952	1.969
237.057	1.967
237.162	1.968
237.266	1.964
237.373	1.960
237.478	1.962
237.582	1.961
237.687	1.959
237.793	1.959
237.897	1.954
238.002	1.952
238.108	1.950
238.212	1.950
238.317	1.949
238.422	1.949
238.528	1.946
238.633	1.944
238.739	1.940
238.845	1.941
238.949	1.939
239.055	1.937
239.160	1.932
239.264	1.934
239.369	1.933
239.475	1.931
239.579	1.929
239.685	1.927
239.790	1.924
239.895	1.923
240.000	1.922
240.104	1.920
240.210	1.918
240.315	1.917
240.419	1.917
240.523	1.914
240.629	1.913
240.733	1.911
240.838	1.910
240.942	1.909
241.048	1.904
241.153	1.904
241.257	1.904
241.361	1.901
241.468	1.900
241.573	1.899
241.677	1.895
241.783	1.891
241.888	1.894
241.993	1.889
242.097	1.888
242.202	1.885
242.307	1.883
242.412	1.884
242.516	1.885
242.620	1.882
242.725	1.879
242.830	1.876
242.937	1.875
243.042	1.872
243.148	1.869
243.253	1.869
243.358	1.866
243.462	1.865
243.568	1.862
243.673	1.862
243.778	1.860
243.882	1.860
243.987	1.857
244.091	1.856
244.195	1.855
244.300	1.851
244.404	1.851
244.509	1.851
244.615	1.847
244.720	1.846
244.825	1.844
244.930	1.843
245.035	1.840
245.140	1.837
245.245	1.837
245.349	1.833
245.455	1.834
245.560	1.830
245.664	1.832
245.770	1.827
245.875	1.827
245.979	1.827
246.085	1.822
246.190	1.818
246.295	1.818
246.399	1.818
246.502	1.818
246.606	1.819
246.711	1.813
246.815	1.812
246.920	1.808
247.026	1.807
247.132	1.810
247.235	1.804
247.341	1.800
247.447	1.799
247.552	1.800
247.658	1.798
247.762	1.796
247.867	1.794
247.972	1.793
248.078	1.790
248.183	1.787
248.287	1.787
248.392	1.789
248.497	1.785
248.603	1.781
248.708	1.779
248.812	1.780
248.918	1.777
249.022	1.774
249.126	1.774
249.232	1.774
249.338	1.772
249.443	1.767
249.548	1.769
249.652	1.767
249.756	1.765
249.859	1.761
249.965	1.760
250.069	1.759
250.175	1.758
250.279	1.755
250.386	1.756
250.491	1.752
250.595	1.753
250.701	1.750
250.806	1.749
250.910	1.746
251.015	1.744
251.120	1.743
251.225	1.741
251.331	1.740
251.435	1.736
251.539	1.733
251.645	1.733
251.750	1.732
251.855	1.734
251.960	1.729
252.065	1.730
252.170	1.725
252.275	1.723
252.381	1.724
252.486	1.720
252.591	1.720
252.697	1.716
252.803	1.715
252.907	1.712
253.013	1.714
253.118	1.713
253.222	1.709
253.327	1.707
253.432	1.706
253.538	1.702
253.643	1.704
253.748	1.700
253.852	1.696
253.958	1.697
254.064	1.694
254.169	1.694
254.274	1.693
254.380	1.690
254.485	1.689
254.590	1.689
254.696	1.686
254.802	1.683
254.906	1.678
255.010	1.680
255.115	1.678
255.219	1.675
255.325	1.673
255.429	1.670
255.533	1.672
255.637	1.669
255.744	1.666
255.849	1.668
255.954	1.666
256.061	1.663
256.165	1.659
256.270	1.659
256.375	1.658
256.480	1.657
256.587	1.655
256.691	1.655
256.797	1.648
256.902	1.650
257.007	1.650
257.111	1.648
257.217	1.644
257.322	1.643
257.428	1.639
257.532	1.639
257.638	1.636
257.742	1.635
257.847	1.632
257.952	1.632
258.058	1.631
258.164	1.628
258.267	1.627
258.373	1.628
258.478	1.626
258.582	1.625
258.688	1.619
258.792	1.617
258.898	1.621
259.003	1.613
259.108	1.614
259.214	1.609
259.318	1.612
259.422	1.608
259.528	1.609
259.632	1.605
259.737	1.606
259.842	1.599
259.945	1.600
260.050	1.602
260.154	1.595
260.259	1.597
260.363	1.593
260.467	1.590
260.572	1.592
260.677	1.587
260.781	1.586
260.885	1.584
260.989	1.582
261.095	1.582
261.201	1.578
261.306	1.576
261.411	1.578
261.515	1.574
261.619	1.575
261.725	1.570
261.830	1.569
261.935	1.569
262.040	1.568
262.145	1.564
262.250	1.562
262.355	1.560
262.461	1.558
262.565	1.558
262.671	1.554
262.776	1.555
262.882	1.551
262.988	1.553
263.095	1.551
263.200	1.548
263.305	1.547
263.410	1.544
263.514	1.541
263.620	1.541
263.725	1.539
263.830	1.540
263.935	1.536
264.039	1.534
264.143	1.533
264.248	1.532
264.353	1.529
264.457	1.528
264.562	1.525
264.668	1.524
264.773	1.523
264.878	1.522
264.982	1.516
265.087	1.520
265.192	1.516
265.297	1.515
265.402	1.512
265.506	1.511
265.611	1.505
265.716	1.505
265.821	1.508
265.927	1.504
266.033	1.504
266.138	1.502
266.243	1.501
266.349	1.501
266.455	1.495
266.559	1.492
266.665	1.490
266.771	1.489
266.877	1.492
266.981	1.485
267.088	1.486
267.193	1.480
267.298	1.480
267.403	1.478
267.508	1.478
267.613	1.479
267.717	1.479
267.822	1.476
267.927	1.473
268.033	1.468
268.138	1.471
268.245	1.468
268.350	1.465
268.454	1.463
268.560	1.461
268.665	1.460
268.768	1.455
268.873	1.457
268.977	1.455
269.083	1.453
269.187	1.452
269.292	1.450
269.397	1.450
269.502	1.446
269.608	1.446
269.713	1.444
269.818	1.441
269.922	1.438
270.028	1.435
270.132	1.433
270.237	1.433
270.341	1.433
270.447	1.433
270.553	1.432
270.659	1.428
270.765	1.427
270.870	1.423
270.975	1.421
271.079	1.421
271.183	1.416
271.288	1.416
271.392	1.416
271.496	1.412
271.600	1.410
271.705	1.410
271.811	1.412
271.917	1.406
272.021	1.406
272.125	1.403
272.232	1.401
272.338	1.404
272.443	1.400
272.547	1.398
272.651	1.396
272.757	1.393
272.862	1.393
272.967	1.390
273.072	1.388
273.178	1.388
273.283	1.386
273.389	1.383
273.493	1.382
273.597	1.381
273.701	1.375
273.806	1.375
273.911	1.377
274.016	1.373
274.122	1.373
274.226	1.371
274.332	1.371
274.438	1.367
274.543	1.366
274.648	1.365
274.752	1.361
274.858	1.359
274.963	1.358
275.068	1.356
275.173	1.354
275.278	1.355
275.382	1.352
275.488	1.349
275.593	1.349
275.697	1.347
275.802	1.347
275.906	1.341
276.011	1.341
276.117	1.338
276.222	1.339
276.328	1.338
276.432	1.334
276.538	1.334
276.642	1.331
276.747	1.331
276.852	1.330
276.958	1.325
277.062	1.324
277.167	1.322
277.271	1.319
277.375	1.318
277.480	1.316
277.585	1.316
277.690	1.316
277.795	1.316
277.900	1.310
278.005	1.309
278.109	1.305
278.215	1.307
278.319	1.305
278.425	1.302
278.529	1.300
278.633	1.299
278.738	1.297
278.844	1.295
278.950	1.296
279.055	1.295
279.159	1.294
279.263	1.294
279.368	1.292
279.473	1.290
279.579	1.285
279.684	1.284
279.790	1.281
279.894	1.281
279.998	1.276
280.103	1.275
280.208	1.275
280.313	1.273
280.417	1.273
280.521	1.270
280.626	1.268
280.730	1.268
280.835	1.265
280.940	1.267
281.044	1.263
281.149	1.261
281.253	1.261
281.358	1.257
281.463	1.257
281.568	1.255
281.675	1.252
281.780	1.246
281.884	1.248
281.991	1.248
282.095	1.242
282.199	1.243
282.305	1.238
282.410	1.238
282.514	1.240
282.619	1.238
282.724	1.233
282.830	1.231
282.935	1.234
283.040	1.227
283.144	1.229
283.249	1.223
283.353	1.225
283.457	1.222
283.562	1.218
283.668	1.215
283.772	1.217
283.877	1.213
283.982	1.213
284.088	1.210
284.194	1.214
284.299	1.211
284.405	1.208
284.510	1.209
284.615	1.207
284.720	1.203
284.824	1.201
284.929	1.202
285.034	1.198
285.139	1.196
285.245	1.194
285.349	1.192
285.454	1.191
285.558	1.190
285.665	1.188
285.770	1.186
285.874	1.187
285.979	1.185
286.083	1.183
286.187	1.178
286.292	1.177
286.397	1.175
286.502	1.176
286.606	1.173
286.710	1.173
286.815	1.169
286.920	1.169
287.025	1.165
287.129	1.165
287.236	1.163
287.340	1.159
287.445	1.157
287.549	1.159
287.655	1.158
287.759	1.153
287.865	1.153
287.970	1.152
288.077	1.149
288.182	1.152
288.288	1.147
288.392	1.142
288.497	1.143
288.603	1.143
288.708	1.140
288.813	1.140
288.918	1.138
289.023	1.135
289.128	1.134
289.233	1.130
289.338	1.129
289.443	1.130
289.548	1.128
289.652	1.125
289.757	1.124
289.863	1.123
289.968	1.120
290.072	1.119
290.178	1.115
290.283	1.115
290.388	1.114
290.493	1.108
290.598	1.110
290.703	1.108
290.809	1.106
290.913	1.104
291.019	1.102
291.123	1.104
291.227	1.103
291.332	1.099
291.436	1.096
291.541	1.094
291.645	1.092
291.750	1.092
291.855	1.089
291.959	1.087
292.063	1.086
292.168	1.087
292.274	1.084
292.378	1.081
292.482	1.080
292.588	1.080
292.692	1.078
292.798	1.075
292.902	1.074
293.008	1.071
293.112	1.069
293.217	1.067
293.322	1.068
293.428	1.064
293.533	1.063
293.637	1.063
293.742	1.062
293.847	1.060
293.952	1.056
294.057	1.056
294.161	1.051
294.266	1.054
294.370	1.051
294.475	1.048
294.580	1.048
294.685	1.046
294.789	1.045
294.896	1.042
295.001	1.042
295.108	1.039
295.212	1.038
295.318	1.037
295.422	1.035
295.528	1.031
295.632	1.031
295.738	1.030
295.843	1.026
295.948	1.026
296.054	1.025
296.159	1.022
296.265	1.023
296.370	1.016
296.475	1.021
296.580	1.016
296.686	1.014
296.790	1.014
296.895	1.010
297.000	1.010
297.105	1.007
297.211	1.009
297.315	1.007
297.420	1.003
297.527	1.002
297.631	1.000
297.735	0.998
297.841	1.000
297.945	0.995
298.050	0.994
298.155	0.992
298.261	0.991
298.365	0.989
298.471	0.986
298.577	0.988
298.682	0.986
298.786	0.982
298.891	0.982
298.995	0.980
299.100	0.979
299.205	0.976
299.310	0.970
299.415	0.972
299.521	0.971
299.627	0.967
299.732	0.965
299.838	0.965
299.943	0.962
300.047	0.962
300.153	0.961
300.258	0.960
300.363	0.957
300.468	0.954
300.572	0.951
300.678	0.953
300.783	0.951
300.888	0.954
300.993	0.948
301.099	0.945
301.205	0.945
301.310	0.944
301.415	0.941
301.519	0.937
301.624	0.939
301.730	0.937
301.835	0.935
301.940	0.935
302.044	0.934
302.148	0.928
302.253	0.927
302.357	0.926
302.462	0.928
302.567	0.925
302.671	0.921
302.775	0.918
302.880	0.914
302.985	0.918
303.090	0.916
303.195	0.912
303.299	0.911
303.404	0.909
303.508	0.908
303.612	0.908
303.717	0.904
303.821	0.899
303.925	0.904
304.030	0.901
304.135	0.896
304.239	0.898
304.344	0.896
304.449	0.893
304.555	0.889
304.659	0.891
304.763	0.885
304.868	0.885
304.973	0.886
305.079	0.885
305.183	0.880
305.288	0.881
305.393	0.875
305.498	0.874
305.601	0.877
305.706	0.875
305.811	0.871
305.915	0.871
306.020	0.870
306.124	0.864
306.230	0.862
306.335	0.863
306.440	0.862
306.545	0.858
306.650	0.861
306.755	0.856
306.860	0.851
306.965	0.849
307.070	0.847
307.174	0.850
307.279	0.847
307.385	0.846
307.490	0.844
307.594	0.843
307.699	0.841
307.804	0.837
307.907	0.838
308.012	0.832
308.117	0.836
308.222	0.833
308.327	0.831
308.433	0.830
308.538	0.829
308.643	0.825
308.748	0.823
308.853	0.822
308.958	0.823
309.062	0.822
309.166	0.817
309.271	0.817
309.375	0.814
309.480	0.811
309.585	0.809
309.690	0.809
309.795	0.806
309.899	0.804
310.003	0.806
310.107	0.803
310.213	0.799
310.317	0.802
310.422	0.797
310.528	0.794
310.633	0.796
310.737	0.792
310.842	0.789
310.947	0.789
311.052	0.790
311.157	0.783
311.261	0.783
311.367	0.783
311.473	0.780
311.578	0.778
311.683	0.777
311.788	0.776
311.893	0.776
311.998	0.773
312.103	0.773
312.208	0.770
312.313	0.769
312.418	0.767
312.522	0.763
312.627	0.762
312.732	0.763
312.837	0.756
312.942	0.762
313.048	0.757
313.152	0.757
313.257	0.752
313.362	0.750
313.466	0.749
313.572	0.747
313.678	0.745
313.783	0.743
313.887	0.740
313.993	0.743
314.097	0.741
314.202	0.736
314.305	0.736
314.410	0.737
314.515	0.730
314.620	0.731
314.724	0.726
314.830	0.731
314.935	0.724
315.041	0.725
315.145	0.726
315.251	0.719
315.356	0.720
315.460	0.722
315.566	0.717
315.670	0.715
315.775	0.713
315.879	0.713
315.983	0.713
316.089	0.709
316.193	0.707
316.298	0.703
316.403	0.702
316.508	0.704
316.613	0.702
316.718	0.702
316.823	0.701
316.927	0.695
317.032	0.695
317.138	0.694
317.243	0.692
317.348	0.686
317.453	0.686
317.558	0.686
317.662	0.683
317.768	0.682
317.873	0.681
317.978	0.680
318.083	0.673
318.189	0.676
318.294	0.675
318.398	0.674
318.502	0.672
318.607	0.671
318.711	0.670
318.816	0.663
318.921	0.663
319.025	0.661
319.129	0.660
319.234	0.660
319.339	0.660
319.443	0.657
319.549	0.657
319.653	0.658
319.759	0.655
319.863	0.648
319.968	0.649
320.072	0.647
320.177	0.644
320.282	0.645
320.386	0.640
320.492	0.641
320.597	0.636
320.703	0.637
320.808	0.632
320.912	0.632
321.017	0.629
321.121	0.632
321.225	0.629
321.330	0.625
321.435	0.628
321.540	0.623
321.645	0.623
321.751	0.618
321.856	0.618
321.960	0.618
322.064	0.616
322.170	0.613
322.275	0.615
322.381	0.610
322.486	0.607
322.590	0.608
322.695	0.605
322.800	0.602
322.905	0.599
323.009	0.598
323.114	0.593
323.219	0.596
323.325	0.598
323.430	0.596
323.535	0.591
323.641	0.591
323.745	0.588
323.850	0.586
323.955	0.585
324.060	0.580
324.164	0.580
324.269	0.581
324.375	0.580
324.481	0.580
324.585	0.575
324.689	0.574
324.795	0.572
324.900	0.571
325.006	0.564
325.111	0.566
325.216	0.566
325.319	0.566
325.424	0.565
325.530	0.559
325.635	0.560
325.741	0.556
325.845	0.555
325.950	0.556
326.054	0.555
326.160	0.551
326.266	0.551
326.370	0.550
326.475	0.550
326.580	0.545
326.685	0.544
326.789	0.544
326.893	0.540
326.998	0.536
327.102	0.537
327.208	0.536
327.313	0.534
327.418	0.531
327.524	0.531
327.630	0.531
327.735	0.528
327.840	0.527
327.947	0.523
328.052	0.523
328.159	0.520
328.265	0.519
328.369	0.517
328.473	0.513
328.577	0.514
328.683	0.512
328.788	0.514
328.893	0.511
328.998	0.507
329.103	0.504
329.209	0.503
329.315	0.500
329.420	0.503
329.524	0.501
329.628	0.501
329.732	0.496
329.837	0.497
329.942	0.492
330.046	0.488
330.151	0.489
330.255	0.490
330.361	0.486
330.467	0.484
330.573	0.483
330.676	0.481
330.781	0.480
330.887	0.478
330.992	0.479
331.098	0.475
331.202	0.472
331.307	0.471
331.411	0.470
331.517	0.467
331.622	0.467
331.728	0.466
331.833	0.465
331.938	0.463
332.043	0.460
332.149	0.457
332.253	0.457
332.358	0.459
332.463	0.452
332.568	0.452
332.672	0.447
332.777	0.449
332.881	0.446
332.985	0.448
333.091	0.442
333.196	0.443
333.301	0.442
333.407	0.439
333.510	0.439
333.615	0.435
333.721	0.436
333.827	0.433
333.932	0.432
334.038	0.429
334.143	0.431
334.249	0.422
334.353	0.425
334.459	0.421
334.563	0.423
334.668	0.418
334.772	0.419
334.878	0.414
334.984	0.416
335.088	0.413
335.195	0.414
335.300	0.411
335.405	0.408
335.510	0.406
335.615	0.406
335.720	0.401
335.825	0.401
335.929	0.400
336.035	0.396
336.140	0.398
336.245	0.392
336.351	0.392
336.455	0.390
336.560	0.391
336.665	0.387
336.769	0.387
336.875	0.388
336.980	0.381
337.085	0.385
337.190	0.379
337.295	0.380
337.401	0.376
337.507	0.374
337.611	0.374
337.716	0.372
337.823	0.371
337.928	0.368
338.033	0.368
338.138	0.365
338.243	0.364
338.348	0.361
338.452	0.361
338.556	0.358
338.663	0.357
338.769	0.357
338.875	0.350
338.980	0.355
339.085	0.349
339.191	0.353
339.296	0.350
339.400	0.347
339.506	0.340
339.610	0.340
339.715	0.343
339.820	0.337
339.925	0.337
340.030	0.336
340.135	0.333
340.240	0.334
340.345	0.333
340.450	0.330
340.555	0.329
340.661	0.329
340.765	0.323
340.869	0.322
340.973	0.320
341.079	0.320
341.185	0.317
341.290	0.318
341.395	0.317
341.500	0.313
341.605	0.311
341.710	0.311
341.815	0.308
341.919	0.306
342.025	0.307
342.130	0.305
342.236	0.304
342.342	0.301
342.446	0.299
342.550	0.298
342.655	0.296
342.759	0.295
342.865	0.292
342.969	0.290
343.075	0.291
343.180	0.289
343.285	0.287
343.390	0.285
343.494	0.286
343.599	0.280
343.704	0.278
343.809	0.280
343.915	0.277
344.020	0.273
344.125	0.273
344.230	0.272
344.335	0.272
344.441	0.266
344.545	0.268
344.649	0.264
344.755	0.264
344.860	0.261
344.965	0.262
345.070	0.260
345.175	0.256
345.279	0.256
345.384	0.257
345.490	0.252
345.595	0.251
345.699	0.253
345.805	0.246
345.910	0.248
346.014	0.247
346.120	0.244
346.225	0.241
346.330	0.240
346.435	0.240
346.540	0.239
346.646	0.236
346.751	0.233
346.855	0.232
346.959	0.232
347.065	0.228
347.170	0.224
347.275	0.223
347.380	0.225
347.485	0.222
347.590	0.221
347.694	0.219
347.800	0.217
347.904	0.215
348.009	0.213
348.114	0.210
348.218	0.211
348.323	0.209
348.429	0.210
348.534	0.206
348.639	0.204
348.743	0.199
348.848	0.201
348.953	0.201
349.058	0.200
349.162	0.197
349.268	0.195
349.373	0.195
349.478	0.193
349.583	0.187
349.688	0.189
349.792	0.187
349.896	0.184
350.002	0.184
350.107	0.182
350.212	0.179
350.318	0.180
350.422	0.175
350.526	0.177
350.631	0.172
350.735	0.172
350.840	0.169
350.946	0.170
351.050	0.167
351.155	0.166
351.260	0.161
351.366	0.162
351.470	0.163
351.575	0.158
351.680	0.157
351.787	0.155
351.891	0.153
351.996	0.153
352.102	0.153
352.207	0.152
352.313	0.150
352.418	0.152
352.522	0.146
352.628	0.146
352.733	0.144
352.837	0.139
352.941	0.141
353.045	0.140
353.150	0.140
353.256	0.140
353.361	0.138
353.467	0.134
353.573	0.135
353.677	0.136
353.782	0.133
353.888	0.133
353.994	0.131
354.098	0.129
354.202	0.129
354.306	0.128
354.412	0.130
354.517	0.129
354.622	0.126
354.728	0.126
354.833	0.124
354.937	0.125
355.042	0.123
355.148	0.122
355.253	0.120
355.358	0.121
355.463	0.120
355.568	0.118
355.673	0.118
355.780	0.114
355.885	0.117
355.990	0.115
356.095	0.114
356.202	0.112
356.307	0.115
356.413	0.113
356.518	0.112
356.623	0.110
356.729	0.110
356.833	0.107
356.938	0.109
357.043	0.105
357.148	0.104
357.253	0.107
357.359	0.106
357.465	0.104
357.569	0.103
357.675	0.107
357.781	0.101
357.885	0.100
357.989	0.098
358.095	0.097
358.200	0.100
358.305	0.097
358.410	0.095
358.514	0.096
358.620	0.095
358.725	0.095
358.830	0.094
358.936	0.093
359.042	0.090
359.148	0.091
359.253	0.094
359.358	0.092
359.462	0.093
359.569	0.092
359.674	0.092
359.779	0.089
359.883	0.087
359.988	0.089
360.092	0.086
360.198	0.088
360.303	0.086
360.408	0.085
360.514	0.086
360.618	0.084
360.722	0.086
360.828	0.086
360.933	0.086
361.039	0.084
361.143	0.083
361.248	0.081
361.353	0.082
361.458	0.082
361.563	0.080
361.669	0.081
361.773	0.081
361.879	0.084
361.983	0.080
362.088	0.081
362.193	0.080
362.297	0.076
362.403	0.077
362.509	0.077
362.613	0.082
362.719	0.074
362.823	0.079
362.927	0.077
363.032	0.076
363.136	0.075
363.243	0.074
363.348	0.075
363.453	0.076
363.558	0.076
363.662	0.075
363.768	0.072
363.873	0.073
363.979	0.073
364.083	0.071
364.188	0.070
364.293	0.071
364.398	0.074
364.503	0.073
364.607	0.073
364.712	0.071
364.816	0.069
364.923	0.070
365.028	0.071
365.133	0.067
365.238	0.068
365.343	0.071
365.447	0.068
365.552	0.066
365.656	0.068
365.760	0.067
365.865	0.068
365.969	0.068
366.074	0.067
366.179	0.068
366.283	0.066
366.388	0.067
366.492	0.066
