29.580	4.226
29.688	4.224
29.793	4.230
29.897	4.220
30.001	4.221
30.106	4.212
30.211	4.197
30.316	4.192
30.421	4.185
30.526	4.177
30.630	4.165
30.735	4.150
30.841	4.150
30.946	4.149
31.051	4.133
31.155	4.120
31.261	4.106
31.365	4.107
31.471	4.101
31.574	4.086
31.680	4.075
31.785	4.067
31.892	4.061
31.997	4.056
32.102	4.043
32.208	4.030
32.313	4.020
32.418	4.017
32.524	4.010
32.629	3.998
32.734	3.987
32.840	3.974
32.944	3.974
33.048	3.966
33.152	3.954
33.258	3.939
33.364	3.930
33.468	3.924
33.574	3.922
33.679	3.909
33.785	3.892
33.890	3.883
33.996	3.881
34.101	3.872
34.205	3.860
34.309	3.847
34.414	3.836
34.519	3.833
34.625	3.828
34.731	3.816
34.836	3.799
34.942	3.790
35.047	3.792
35.152	3.784
35.258	3.770
35.364	3.756
35.469	3.750
35.575	3.748
35.679	3.735
35.784	3.726
35.888	3.716
35.994	3.704
36.101	3.700
36.206	3.693
36.311	3.682
36.416	3.669
36.522	3.661
36.627	3.659
36.731	3.654
36.835	3.637
36.941	3.628
37.046	3.616
37.151	3.617
37.256	3.607
37.360	3.597
37.466	3.585
37.571	3.577
37.676	3.573
37.783	3.566
37.887	3.555
37.991	3.545
38.097	3.532
38.201	3.526
38.306	3.523
38.410	3.514
38.515	3.497
38.620	3.494
38.725	3.486
38.829	3.482
38.933	3.470
39.039	3.457
39.145	3.447
39.250	3.442
39.354	3.436
39.459	3.421
39.564	3.413
39.667	3.404
39.772	3.398
39.877	3.393
39.981	3.380
40.086	3.371
40.189	3.360
40.295	3.350
40.399	3.346
40.504	3.336
40.607	3.325
40.712	3.315
40.816	3.307
40.922	3.302
41.027	3.294
41.131	3.279
41.236	3.272
41.341	3.259
41.447	3.255
41.551	3.249
41.656	3.242
41.760	3.225
41.864	3.218
41.969	3.214
42.074	3.202
42.178	3.192
42.283	3.184
42.389	3.176
42.496	3.166
42.601	3.165
42.706	3.149
42.811	3.137
42.916	3.129
43.020	3.118
43.127	3.113
43.232	3.104
43.337	3.087
43.442	3.075
43.547	3.076
43.652	3.069
43.758	3.061
43.861	3.048
43.967	3.038
44.072	3.032
44.177	3.028
44.282	3.016
44.387	3.008
44.492	2.992
44.597	2.988
44.702	2.980
44.806	2.975
44.912	2.963
45.016	2.946
45.121	2.941
45.226	2.938
45.331	2.931
45.435	2.921
45.541	2.910
45.647	2.897
45.751	2.890
45.857	2.885
45.962	2.878
46.067	2.865
46.171	2.856
46.276	2.844
46.382	2.840
46.487	2.834
46.592	2.823
46.697	2.814
46.802	2.807
46.908	2.799
47.013	2.791
47.116	2.781
47.222	2.769
47.329	2.760
47.435	2.755
47.540	2.748
47.644	2.740
47.750	2.727
47.857	2.722
47.962	2.710
48.067	2.702
48.172	2.697
48.277	2.684
48.382	2.674
48.487	2.665
48.591	2.662
48.696	2.656
48.801	2.645
48.907	2.633
49.012	2.630
49.117	2.621
49.222	2.614
49.327	2.601
49.432	2.593
49.535	2.582
49.641	2.575
49.746	2.572
49.850	2.565
49.955	2.554
50.061	2.544
50.167	2.535
50.272	2.531
50.377	2.523
50.482	2.514
50.586	2.505
50.691	2.496
50.797	2.481
50.902	2.476
51.007	2.473
51.112	2.461
51.217	2.449
51.322	2.442
51.426	2.433
51.532	2.427
51.637	2.421
51.742	2.408
51.848	2.396
51.955	2.392
52.059	2.384
52.164	2.378
52.269	2.371
52.374	2.356
52.480	2.352
52.584	2.344
52.689	2.337
52.794	2.328
52.899	2.317
53.005	2.311
53.111	2.301
53.217	2.296
53.321	2.287
53.427	2.276
53.531	2.265
53.637	2.258
53.741	2.248
53.845	2.245
53.950	2.236
54.054	2.228
54.158	2.215
54.264	2.210
54.370	2.204
54.475	2.196
54.580	2.187
54.685	2.172
54.789	2.165
54.894	2.160
55.000	2.149
55.105	2.142
55.210	2.135
55.315	2.124
55.420	2.117
55.525	2.108
55.632	2.103
55.736	2.095
55.841	2.084
55.945	2.077
56.050	2.063
56.154	2.058
56.259	2.052
56.364	2.042
56.469	2.034
56.573	2.027
56.677	2.016
56.783	2.010
56.887	2.005
56.992	1.995
57.096	1.984
57.201	1.974
57.305	1.969
57.410	1.959
57.514	1.953
57.620	1.948
57.725	1.936
57.830	1.928
57.934	1.919
58.039	1.909
58.145	1.906
58.249	1.899
58.354	1.886
58.460	1.877
58.564	1.871
58.668	1.860
58.774	1.854
58.880	1.844
58.985	1.839
59.089	1.827
59.195	1.820
59.301	1.812
59.405	1.806
59.510	1.796
59.614	1.786
59.720	1.779
59.825	1.770
59.930	1.764
60.034	1.757
60.139	1.746
60.244	1.735
60.350	1.728
60.454	1.721
60.558	1.714
60.663	1.706
60.767	1.698
60.873	1.691
60.978	1.681
61.082	1.674
61.187	1.664
61.291	1.661
61.397	1.649
61.502	1.642
61.607	1.633
61.712	1.622
61.818	1.614
61.922	1.610
62.026	1.602
62.131	1.594
62.235	1.586
62.341	1.578
62.447	1.570
62.551	1.564
62.657	1.557
62.762	1.547
62.866	1.543
62.972	1.529
63.077	1.525
63.183	1.517
63.287	1.513
63.391	1.506
63.495	1.501
63.601	1.492
63.705	1.483
63.811	1.475
63.915	1.473
64.021	1.464
64.125	1.457
64.229	1.449
64.334	1.441
64.439	1.439
64.544	1.430
64.648	1.425
64.754	1.418
64.860	1.416
64.965	1.407
65.069	1.398
65.173	1.386
65.279	1.384
65.384	1.383
65.490	1.375
65.595	1.371
65.699	1.361
65.805	1.358
65.910	1.347
66.015	1.344
66.120	1.341
66.225	1.336
66.330	1.330
66.435	1.324
66.540	1.315
66.645	1.313
66.751	1.307
66.856	1.303
66.961	1.297
67.066	1.293
67.170	1.285
67.275	1.282
67.379	1.277
67.484	1.274
67.589	1.269
67.694	1.268
67.800	1.262
67.905	1.257
68.010	1.250
68.117	1.249
68.223	1.247
68.329	1.244
68.433	1.236
68.537	1.234
68.642	1.234
68.746	1.229
68.850	1.227
68.956	1.226
69.062	1.226
69.167	1.221
69.272	1.219
69.377	1.218
69.483	1.210
69.589	1.210
69.694	1.209
69.799	1.207
69.903	1.206
70.008	1.200
70.113	1.198
70.217	1.197
70.322	1.194
70.427	1.191
70.531	1.192
70.637	1.187
70.742	1.183
70.847	1.181
70.953	1.177
71.058	1.180
71.162	1.171
71.268	1.173
71.372	1.169
71.477	1.165
71.582	1.161
71.686	1.163
71.793	1.156
71.897	1.154
72.002	1.157
72.106	1.154
72.212	1.152
72.317	1.145
72.422	1.143
72.527	1.141
72.631	1.140
72.736	1.137
72.841	1.134
72.946	1.134
73.052	1.129
73.159	1.127
73.263	1.124
73.367	1.122
73.472	1.120
73.577	1.117
73.682	1.118
73.787	1.111
73.892	1.108
73.997	1.107
74.102	1.105
74.207	1.101
74.313	1.101
74.419	1.097
74.524	1.095
74.630	1.094
74.736	1.089
74.842	1.088
74.947	1.086
75.053	1.086
75.156	1.082
75.261	1.079
75.365	1.075
75.470	1.077
75.576	1.069
75.681	1.068
75.786	1.067
75.890	1.065
75.996	1.062
76.100	1.061
76.204	1.057
76.309	1.055
76.414	1.050
76.520	1.052
76.624	1.051
76.729	1.048
76.833	1.046
76.939	1.042
77.045	1.043
77.150	1.039
77.254	1.037
77.359	1.033
77.464	1.031
77.570	1.026
77.675	1.028
77.779	1.022
77.884	1.021
77.990	1.019
78.096	1.020
78.201	1.014
78.305	1.012
78.410	1.011
78.515	1.010
78.620	1.009
78.724	1.004
78.830	1.001
78.934	0.999
79.039	1.000
79.146	0.997
79.250	0.993
79.354	0.993
79.459	0.988
79.563	0.986
79.668	0.985
79.773	0.981
79.877	0.979
79.983	0.974
80.086	0.972
80.192	0.974
80.297	0.971
80.403	0.968
80.508	0.969
80.614	0.964
80.720	0.963
80.826	0.962
80.930	0.956
81.034	0.953
81.139	0.951
81.243	0.948
81.347	0.947
81.452	0.947
81.559	0.944
81.664	0.941
81.769	0.940
81.875	0.940
81.980	0.939
82.086	0.932
82.190	0.930
82.295	0.928
82.399	0.925
82.505	0.925
82.611	0.923
82.717	0.919
82.821	0.919
82.927	0.918
83.031	0.912
83.137	0.912
83.243	0.907
83.347	0.909
83.451	0.906
83.556	0.902
83.661	0.901
83.766	0.897
83.870	0.897
83.975	0.895
84.080	0.892
84.185	0.891
84.291	0.889
84.395	0.887
84.500	0.885
84.606	0.885
84.712	0.881
84.817	0.878
84.923	0.874
85.028	0.873
85.132	0.869
85.237	0.868
85.343	0.866
85.447	0.861
85.552	0.860
85.656	0.857
85.761	0.856
85.866	0.855
85.972	0.851
86.076	0.851
86.182	0.850
86.287	0.849
86.392	0.848
86.497	0.842
86.602	0.843
86.707	0.837
86.812	0.836
86.917	0.836
87.021	0.833
87.127	0.831
87.232	0.829
87.337	0.829
87.442	0.824
87.547	0.824
87.652	0.822
87.757	0.823
87.862	0.815
87.967	0.815
88.073	0.811
88.177	0.810
88.282	0.810
88.387	0.811
88.491	0.807
88.597	0.804
88.701	0.801
88.807	0.799
88.912	0.797
89.016	0.794
89.122	0.792
89.227	0.785
89.332	0.789
89.436	0.785
89.541	0.784
89.647	0.784
89.752	0.781
89.857	0.774
89.964	0.776
90.070	0.775
90.176	0.774
90.280	0.769
90.386	0.770
90.491	0.765
90.597	0.767
90.701	0.761
90.808	0.761
90.912	0.763
91.017	0.756
91.122	0.758
91.226	0.755
91.331	0.752
91.435	0.748
91.540	0.749
91.645	0.744
91.750	0.743
91.856	0.742
91.961	0.741
92.068	0.737
92.173	0.737
92.278	0.734
92.382	0.732
92.487	0.729
92.593	0.731
92.698	0.726
92.802	0.727
92.907	0.724
93.013	0.720
93.117	0.718
93.222	0.715
93.327	0.712
93.432	0.711
93.536	0.712
93.642	0.708
93.746	0.709
93.852	0.706
93.958	0.703
94.063	0.700
94.169	0.700
94.275	0.695
94.380	0.697
94.484	0.693
94.590	0.689
94.695	0.689
94.799	0.688
94.905	0.687
95.010	0.683
95.116	0.686
95.220	0.678
95.325	0.678
95.430	0.677
95.536	0.674
95.642	0.674
95.747	0.672
95.854	0.670
95.958	0.671
96.063	0.665
96.168	0.666
96.273	0.664
96.378	0.657
96.482	0.659
96.587	0.654
96.693	0.654
96.797	0.653
96.903	0.652
97.008	0.649
97.113	0.647
97.217	0.647
97.321	0.641
97.428	0.643
97.531	0.638
97.638	0.634
97.743	0.636
97.847	0.633
97.954	0.631
98.060	0.633
98.164	0.631
98.268	0.628
98.373	0.624
98.478	0.623
98.583	0.624
98.688	0.619
98.793	0.616
98.898	0.618
99.003	0.615
99.108	0.610
99.213	0.611
99.317	0.610
99.423	0.608
99.528	0.605
99.633	0.602
99.738	0.598
99.843	0.599
99.947	0.599
100.051	0.594
100.157	0.597
100.263	0.592
100.369	0.596
100.473	0.588
100.577	0.587
100.683	0.586
100.787	0.584
100.892	0.579
100.997	0.579
101.102	0.578
101.207	0.575
101.313	0.576
101.417	0.575
101.523	0.573
101.627	0.570
101.733	0.568
101.838	0.566
101.943	0.563
102.050	0.564
102.155	0.562
102.259	0.560
102.365	0.558
102.471	0.554
102.575	0.553
102.679	0.551
102.784	0.551
102.888	0.550
102.994	0.548
103.097	0.547
103.204	0.543
103.309	0.545
103.413	0.538
103.518	0.539
103.623	0.536
103.728	0.535
103.833	0.535
103.938	0.531
104.043	0.529
104.148	0.530
104.253	0.525
104.358	0.525
104.463	0.523
104.568	0.520
104.673	0.519
104.778	0.518
104.883	0.517
104.988	0.518
105.093	0.513
105.198	0.511
105.302	0.510
105.408	0.508
105.511	0.503
105.618	0.503
105.722	0.502
105.828	0.499
105.934	0.501
106.040	0.499
106.145	0.492
106.250	0.494
106.355	0.492
106.460	0.493
106.565	0.490
106.671	0.488
106.775	0.484
106.880	0.485
106.985	0.482
107.090	0.482
107.195	0.480
107.301	0.479
107.406	0.478
107.511	0.476
107.618	0.474
107.724	0.473
107.827	0.471
107.933	0.469
108.038	0.467
108.142	0.465
108.248	0.460
108.353	0.462
108.458	0.462
108.563	0.458
108.668	0.455
108.773	0.456
108.878	0.455
108.983	0.452
109.088	0.452
109.193	0.449
109.298	0.448
109.402	0.447
109.508	0.445
109.613	0.441
109.717	0.438
109.821	0.441
109.926	0.441
110.031	0.435
110.136	0.435
110.240	0.432
110.345	0.432
110.451	0.431
110.555	0.429
110.659	0.427
110.765	0.425
110.870	0.424
110.975	0.422
111.081	0.421
111.187	0.418
111.291	0.417
111.397	0.416
111.503	0.415
111.608	0.413
111.713	0.409
111.818	0.408
111.922	0.411
112.027	0.407
112.131	0.406
112.238	0.403
112.343	0.403
112.447	0.402
112.553	0.400
112.658	0.399
112.762	0.397
112.868	0.396
112.973	0.392
113.079	0.390
113.183	0.390
113.288	0.389
113.392	0.388
113.498	0.385
113.604	0.382
113.710	0.382
113.815	0.382
113.918	0.378
114.023	0.378
114.128	0.376
114.233	0.372
114.338	0.374
114.442	0.372
114.548	0.371
114.655	0.366
114.759	0.365
114.863	0.369
114.967	0.365
115.073	0.363
115.178	0.361
115.283	0.361
115.388	0.357
115.493	0.353
115.598	0.355
115.702	0.351
115.808	0.352
115.914	0.353
116.018	0.351
116.123	0.347
116.228	0.346
116.333	0.343
116.437	0.343
116.543	0.343
116.647	0.342
116.753	0.340
116.858	0.340
116.962	0.338
117.066	0.332
117.171	0.334
117.278	0.331
117.383	0.331
117.488	0.328
117.593	0.326
117.698	0.330
117.804	0.325
117.908	0.323
118.014	0.325
118.119	0.321
118.224	0.320
118.328	0.318
118.432	0.318
118.538	0.316
118.643	0.314
118.748	0.313
118.852	0.310
118.958	0.308
119.063	0.309
119.168	0.308
119.273	0.304
119.378	0.301
119.483	0.302
119.588	0.299
119.693	0.298
119.798	0.296
119.902	0.295
120.006	0.295
120.111	0.295
120.215	0.290
120.321	0.292
120.426	0.287
120.530	0.288
120.636	0.284
120.740	0.285
120.846	0.285
120.950	0.279
121.056	0.280
121.160	0.277
121.264	0.276
121.370	0.271
121.476	0.272
121.581	0.268
121.686	0.268
121.791	0.270
121.896	0.266
122.001	0.263
122.106	0.263
122.210	0.261
122.315	0.259
122.421	0.257
122.526	0.255
122.630	0.257
122.735	0.254
122.841	0.249
122.946	0.250
123.049	0.248
123.155	0.246
123.261	0.244
123.368	0.241
123.473	0.240
123.578	0.239
123.683	0.235
123.787	0.235
123.893	0.232
123.998	0.230
124.103	0.229
124.208	0.227
124.313	0.227
124.418	0.224
124.524	0.221
124.629	0.218
124.733	0.219
124.838	0.216
124.943	0.218
125.048	0.215
125.153	0.212
125.258	0.208
125.363	0.207
125.469	0.204
125.573	0.200
125.678	0.201
125.782	0.197
125.888	0.199
125.992	0.194
126.098	0.189
126.203	0.189
126.308	0.188
126.413	0.183
126.517	0.183
126.623	0.182
126.728	0.183
126.833	0.181
126.937	0.178
127.042	0.176
127.148	0.174
127.253	0.170
127.358	0.170
127.462	0.171
127.568	0.168
127.672	0.164
127.777	0.165
127.882	0.161
127.988	0.158
128.093	0.161
128.199	0.157
128.304	0.156
128.408	0.153
128.513	0.152
128.617	0.150
128.723	0.152
128.828	0.152
128.933	0.149
129.038	0.149
129.144	0.144
129.250	0.142
129.355	0.145
129.460	0.142
129.564	0.140
129.670	0.140
129.774	0.141
129.879	0.140
129.984	0.135
130.090	0.135
130.195	0.136
130.300	0.134
130.406	0.133
130.511	0.131
130.616	0.131
130.721	0.132
130.825	0.130
130.930	0.129
131.035	0.125
131.141	0.125
131.245	0.125
131.350	0.123
131.456	0.121
131.563	0.123
131.668	0.121
131.772	0.118
131.878	0.122
131.983	0.120
132.088	0.120
132.193	0.123
132.298	0.118
132.403	0.117
132.508	0.113
132.613	0.117
132.718	0.116
132.824	0.115
132.928	0.113
