37.496	6.156
37.603	6.158
37.708	6.153
37.813	6.152
37.917	6.153
38.023	6.154
38.127	6.151
38.233	6.139
38.338	6.128
38.442	6.128
38.548	6.114
38.653	6.102
38.757	6.086
38.863	6.079
38.968	6.072
39.072	6.061
39.177	6.052
39.281	6.043
39.385	6.035
39.489	6.027
39.594	6.021
39.698	6.003
39.803	5.998
39.908	5.990
40.013	5.986
40.118	5.972
40.223	5.957
40.327	5.949
40.432	5.942
40.538	5.931
40.643	5.923
40.746	5.910
40.850	5.899
40.956	5.893
41.062	5.887
41.166	5.873
41.270	5.862
41.375	5.849
41.480	5.851
41.585	5.839
41.690	5.827
41.795	5.816
41.902	5.807
42.006	5.801
42.112	5.788
42.217	5.777
42.320	5.767
42.426	5.759
42.531	5.755
42.636	5.742
42.740	5.730
42.844	5.717
42.951	5.715
43.058	5.706
43.163	5.693
43.267	5.680
43.373	5.673
43.478	5.664
43.583	5.656
43.689	5.647
43.793	5.635
43.899	5.627
44.005	5.621
44.110	5.613
44.215	5.599
44.320	5.587
44.425	5.583
44.528	5.576
44.633	5.567
44.738	5.552
44.843	5.544
44.948	5.533
45.054	5.532
45.158	5.517
45.264	5.510
45.370	5.496
45.474	5.488
45.579	5.481
45.684	5.473
45.789	5.458
45.893	5.454
45.999	5.441
46.103	5.434
46.209	5.425
46.314	5.411
46.419	5.405
46.525	5.399
46.630	5.386
46.735	5.376
46.841	5.362
46.945	5.358
47.050	5.352
47.153	5.338
47.258	5.328
47.363	5.320
47.469	5.314
47.573	5.305
47.678	5.295
47.783	5.284
47.887	5.274
47.991	5.266
48.097	5.259
48.202	5.250
48.308	5.238
48.413	5.226
48.519	5.221
48.624	5.212
48.728	5.205
48.833	5.191
48.938	5.183
49.043	5.173
49.148	5.164
49.253	5.155
49.358	5.147
49.463	5.134
49.566	5.132
49.672	5.119
49.776	5.106
49.880	5.097
49.985	5.090
50.091	5.083
50.195	5.071
50.299	5.061
50.404	5.054
50.509	5.046
50.614	5.034
50.720	5.025
50.826	5.011
50.930	5.002
51.036	4.995
51.141	4.987
51.246	4.981
51.351	4.966
51.456	4.958
51.561	4.950
51.666	4.948
51.771	4.932
51.877	4.921
51.983	4.911
52.088	4.904
52.194	4.895
52.299	4.884
52.403	4.874
52.508	4.868
52.614	4.859
52.719	4.847
52.823	4.840
52.928	4.826
53.032	4.818
53.138	4.813
53.243	4.804
53.349	4.792
53.453	4.783
53.558	4.775
53.662	4.765
53.767	4.758
53.873	4.745
53.979	4.738
54.083	4.727
54.188	4.717
54.293	4.709
54.399	4.699
54.504	4.691
54.609	4.681
54.714	4.672
54.818	4.666
54.923	4.655
55.029	4.646
55.134	4.636
55.238	4.629
55.343	4.620
55.448	4.608
55.554	4.599
55.658	4.590
55.763	4.584
55.868	4.575
55.974	4.564
56.078	4.550
56.184	4.548
56.290	4.538
56.396	4.525
56.500	4.516
56.606	4.510
56.711	4.502
56.818	4.491
56.924	4.481
57.028	4.474
57.133	4.465
57.239	4.456
57.343	4.445
57.448	4.436
57.554	4.428
57.658	4.417
57.763	4.411
57.868	4.401
57.973	4.393
58.078	4.380
58.183	4.377
58.287	4.366
58.393	4.357
58.498	4.347
58.603	4.338
58.708	4.328
58.814	4.320
58.919	4.310
59.023	4.300
59.128	4.294
59.233	4.283
59.338	4.277
59.443	4.266
59.548	4.257
59.654	4.247
59.759	4.238
59.866	4.232
59.971	4.221
60.076	4.212
60.180	4.202
60.285	4.193
60.390	4.186
60.496	4.176
60.600	4.161
60.706	4.154
60.811	4.145
60.916	4.137
61.021	4.130
61.126	4.120
61.231	4.112
61.335	4.102
61.439	4.095
61.544	4.085
61.648	4.073
61.753	4.066
61.858	4.058
61.964	4.050
62.070	4.038
62.176	4.027
62.281	4.020
62.385	4.015
62.491	4.004
62.594	3.997
62.701	3.987
62.806	3.977
62.911	3.969
63.015	3.960
63.119	3.950
63.224	3.943
63.328	3.928
63.434	3.920
63.540	3.914
63.644	3.908
63.749	3.894
63.854	3.880
63.959	3.880
64.063	3.868
64.167	3.860
64.271	3.849
64.376	3.842
64.481	3.835
64.585	3.828
64.691	3.815
64.796	3.807
64.901	3.796
65.006	3.791
65.110	3.780
65.217	3.774
65.321	3.761
65.427	3.751
65.531	3.744
65.636	3.735
65.740	3.727
65.846	3.716
65.951	3.709
66.056	3.702
66.161	3.692
66.265	3.681
66.372	3.672
66.476	3.665
66.581	3.654
66.686	3.646
66.791	3.639
66.897	3.628
67.002	3.616
67.106	3.617
67.211	3.602
67.317	3.597
67.420	3.586
67.526	3.579
67.631	3.568
67.735	3.561
67.841	3.551
67.946	3.543
68.051	3.533
68.156	3.523
68.263	3.515
68.368	3.510
68.474	3.497
68.579	3.487
68.685	3.480
68.790	3.469
68.896	3.461
69.001	3.452
69.106	3.445
69.210	3.436
69.315	3.427
69.421	3.420
69.526	3.410
69.631	3.399
69.736	3.391
69.841	3.381
69.946	3.371
70.051	3.364
70.156	3.354
70.261	3.346
70.365	3.338
70.470	3.327
70.576	3.322
70.681	3.314
70.786	3.303
70.891	3.296
70.996	3.288
71.101	3.277
71.206	3.266
71.312	3.259
71.417	3.254
71.523	3.244
71.628	3.233
71.733	3.225
71.838	3.215
71.942	3.208
72.048	3.201
72.152	3.191
72.257	3.182
72.362	3.174
72.466	3.166
72.571	3.156
72.676	3.151
72.781	3.134
72.885	3.127
72.990	3.120
73.094	3.114
73.198	3.105
73.303	3.093
73.407	3.087
73.511	3.080
73.616	3.068
73.721	3.062
73.826	3.054
73.931	3.045
74.035	3.033
74.141	3.024
74.246	3.019
74.352	3.006
74.457	3.000
74.562	2.991
74.666	2.986
74.771	2.975
74.875	2.966
74.979	2.957
75.085	2.948
75.190	2.940
75.295	2.931
75.400	2.920
75.506	2.914
75.611	2.903
75.717	2.895
75.821	2.888
75.926	2.882
76.031	2.870
76.135	2.859
76.241	2.855
76.346	2.846
76.451	2.836
76.556	2.827
76.661	2.820
76.767	2.807
76.873	2.802
76.977	2.791
77.082	2.786
77.187	2.775
77.293	2.765
77.398	2.757
77.503	2.748
77.609	2.739
77.713	2.730
77.819	2.722
77.924	2.713
78.029	2.708
78.134	2.701
78.239	2.691
78.345	2.679
78.451	2.674
78.556	2.667
78.661	2.657
78.766	2.645
78.871	2.639
78.975	2.629
79.081	2.620
79.186	2.612
79.291	2.606
79.396	2.592
79.501	2.585
79.607	2.577
79.711	2.569
79.817	2.562
79.922	2.551
80.026	2.544
80.131	2.539
80.236	2.528
80.341	2.521
80.446	2.512
80.551	2.501
80.655	2.494
80.759	2.482
80.865	2.478
80.971	2.467
81.076	2.459
81.182	2.452
81.288	2.442
81.392	2.432
81.496	2.429
81.601	2.415
81.707	2.409
81.813	2.401
81.918	2.390
82.024	2.384
82.129	2.374
82.234	2.366
82.338	2.355
82.444	2.344
82.550	2.343
82.654	2.332
82.759	2.324
82.864	2.312
82.968	2.307
83.073	2.300
83.177	2.292
83.283	2.280
83.387	2.275
83.494	2.263
83.599	2.253
83.703	2.246
83.808	2.237
83.914	2.229
84.020	2.224
84.126	2.211
84.231	2.204
84.335	2.197
84.441	2.186
84.546	2.181
84.651	2.173
84.756	2.167
84.861	2.155
84.967	2.149
85.071	2.139
85.177	2.133
85.282	2.124
85.385	2.117
85.490	2.103
85.596	2.096
85.701	2.088
85.807	2.080
85.911	2.066
86.016	2.059
86.121	2.054
86.227	2.043
86.332	2.040
86.436	2.028
86.541	2.022
86.646	2.013
86.751	2.005
86.857	2.000
86.962	1.990
87.066	1.982
87.170	1.975
87.276	1.965
87.381	1.953
87.487	1.946
87.592	1.940
87.697	1.929
87.801	1.924
87.905	1.916
88.011	1.903
88.116	1.896
88.221	1.890
88.325	1.880
88.431	1.872
88.537	1.866
88.641	1.856
88.746	1.847
88.852	1.840
88.958	1.829
89.062	1.827
89.169	1.813
89.273	1.805
89.378	1.799
89.482	1.790
89.587	1.780
89.692	1.775
89.797	1.765
89.902	1.755
90.006	1.747
90.112	1.740
90.216	1.731
90.322	1.722
90.426	1.718
90.532	1.706
90.637	1.699
90.742	1.689
90.847	1.683
90.952	1.674
91.055	1.662
91.161	1.661
91.267	1.649
91.372	1.638
91.477	1.633
91.583	1.623
91.689	1.615
91.794	1.604
91.899	1.599
92.004	1.590
92.108	1.583
92.213	1.573
92.318	1.565
92.424	1.559
92.529	1.548
92.634	1.544
92.739	1.534
92.844	1.526
92.948	1.516
93.054	1.509
93.159	1.500
93.264	1.492
93.369	1.486
93.474	1.477
93.579	1.469
93.684	1.459
93.789	1.452
93.893	1.441
93.996	1.434
94.102	1.429
94.207	1.418
94.312	1.410
94.417	1.400
94.522	1.393
94.626	1.384
94.731	1.376
94.837	1.368
94.944	1.361
95.048	1.350
95.153	1.346
95.258	1.335
95.361	1.331
95.467	1.318
95.572	1.313
95.677	1.306
95.782	1.297
95.887	1.287
95.992	1.281
96.097	1.272
96.202	1.264
96.307	1.257
96.411	1.245
96.517	1.240
96.622	1.232
96.726	1.224
96.831	1.217
96.937	1.209
97.042	1.199
97.148	1.189
97.254	1.182
97.359	1.173
97.464	1.168
97.569	1.157
97.675	1.151
97.780	1.142
97.884	1.133
97.990	1.125
98.094	1.118
98.199	1.112
98.305	1.102
98.409	1.094
98.513	1.085
98.619	1.078
98.723	1.069
98.829	1.063
98.935	1.052
99.040	1.047
99.145	1.037
99.252	1.030
99.356	1.025
99.460	1.013
99.565	1.005
99.670	1.000
99.774	0.989
99.879	0.981
99.986	0.974
100.090	0.964
100.194	0.956
100.300	0.950
100.404	0.943
100.509	0.933
100.614	0.924
100.720	0.914
100.826	0.912
100.932	0.901
101.037	0.893
101.142	0.885
101.247	0.877
101.351	0.869
101.457	0.860
101.562	0.851
101.667	0.842
101.772	0.836
101.878	0.829
101.982	0.822
102.087	0.812
102.191	0.804
102.296	0.797
102.402	0.788
102.508	0.776
102.613	0.771
102.717	0.766
102.821	0.756
102.927	0.751
103.032	0.741
103.136	0.734
103.241	0.725
103.347	0.717
103.452	0.709
103.557	0.700
103.661	0.696
103.767	0.688
103.872	0.677
103.976	0.673
104.080	0.663
104.185	0.658
104.289	0.647
104.394	0.641
104.499	0.633
104.604	0.622
104.709	0.615
104.814	0.608
104.918	0.600
105.023	0.592
105.128	0.587
105.233	0.578
105.338	0.570
105.444	0.562
105.549	0.552
105.654	0.544
105.760	0.540
105.865	0.531
105.971	0.525
106.077	0.513
106.182	0.509
106.288	0.498
106.392	0.495
106.497	0.483
106.602	0.477
106.706	0.470
106.811	0.461
106.915	0.453
107.020	0.446
107.125	0.439
107.230	0.430
107.334	0.423
107.439	0.412
107.544	0.407
107.649	0.401
107.753	0.393
107.857	0.386
107.963	0.375
108.069	0.368
108.174	0.363
108.279	0.352
108.384	0.347
108.490	0.337
108.595	0.332
108.700	0.327
108.805	0.319
108.909	0.310
109.015	0.307
109.120	0.299
109.225	0.297
109.329	0.290
109.434	0.287
109.539	0.282
109.643	0.277
109.750	0.272
109.855	0.268
109.959	0.262
110.064	0.258
110.170	0.255
110.274	0.251
110.379	0.250
110.485	0.246
110.590	0.244
110.694	0.239
110.800	0.235
110.906	0.230
111.012	0.226
111.116	0.224
111.221	0.221
111.327	0.220
111.432	0.214
111.537	0.210
111.642	0.208
111.748	0.210
111.852	0.205
111.957	0.203
112.061	0.203
112.165	0.201
112.270	0.192
112.376	0.193
112.480	0.192
112.585	0.190
112.689	0.188
112.795	0.185
112.901	0.181
113.006	0.177
113.110	0.176
113.214	0.176
113.319	0.174
113.424	0.170
113.528	0.171
113.633	0.169
113.737	0.169
113.841	0.165
113.946	0.163
114.052	0.160
114.158	0.160
114.263	0.160
114.368	0.158
114.472	0.152
114.577	0.152
114.682	0.152
114.786	0.151
114.892	0.152
114.996	0.146
115.101	0.147
115.207	0.145
115.312	0.143
115.417	0.143
115.522	0.142
115.627	0.142
115.732	0.142
115.837	0.140
115.943	0.139
116.046	0.135
116.153	0.135
116.257	0.136
116.362	0.134
116.468	0.133
116.573	0.131
116.678	0.130
116.782	0.131
