29.516	3.931
29.626	3.952
29.731	3.956
29.836	3.940
29.940	3.922
30.047	3.932
30.151	3.953
30.257	3.945
30.361	3.925
30.465	3.891
30.571	3.900
30.676	3.909
30.781	3.892
30.886	3.871
30.991	3.850
31.097	3.847
31.201	3.852
31.306	3.843
31.411	3.818
31.516	3.797
31.621	3.797
31.727	3.803
31.831	3.789
31.935	3.765
32.041	3.748
32.146	3.749
32.251	3.756
32.355	3.726
32.460	3.719
32.565	3.696
32.670	3.698
32.775	3.695
32.879	3.688
32.983	3.667
33.089	3.644
33.195	3.641
33.300	3.649
33.406	3.640
33.511	3.612
33.616	3.594
33.721	3.592
33.826	3.594
33.930	3.581
34.036	3.561
34.142	3.547
34.247	3.534
34.352	3.534
34.458	3.531
34.561	3.515
34.667	3.488
34.771	3.483
34.876	3.484
34.982	3.477
35.087	3.460
35.192	3.443
35.297	3.433
35.402	3.430
35.506	3.427
35.610	3.415
35.717	3.393
35.822	3.379
35.927	3.377
36.032	3.370
36.138	3.357
36.244	3.342
36.349	3.330
36.453	3.322
36.559	3.321
36.664	3.309
36.769	3.294
36.875	3.281
36.979	3.273
37.084	3.270
37.188	3.257
37.293	3.243
37.398	3.231
37.504	3.222
37.609	3.212
37.714	3.208
37.817	3.191
37.923	3.180
38.028	3.168
38.132	3.161
38.237	3.155
38.341	3.142
38.447	3.130
38.551	3.120
38.658	3.112
38.762	3.101
38.867	3.093
38.973	3.080
39.078	3.066
39.182	3.052
39.289	3.050
39.395	3.046
39.501	3.026
39.605	3.016
39.711	3.006
39.815	3.000
39.919	2.983
40.025	2.977
40.129	2.968
40.233	2.954
40.337	2.942
40.442	2.937
40.547	2.930
40.650	2.916
40.756	2.900
40.862	2.891
40.967	2.885
41.072	2.876
41.177	2.867
41.282	2.855
41.388	2.840
41.492	2.833
41.596	2.825
41.702	2.823
41.807	2.809
41.911	2.791
42.017	2.779
42.121	2.778
42.226	2.769
42.330	2.757
42.434	2.743
42.539	2.732
42.644	2.723
42.750	2.715
42.855	2.713
42.960	2.699
43.064	2.680
43.169	2.667
43.274	2.667
43.380	2.661
43.484	2.647
43.590	2.628
43.694	2.613
43.800	2.615
43.905	2.609
44.010	2.601
44.114	2.586
44.220	2.570
44.324	2.559
44.428	2.555
44.533	2.552
44.638	2.542
44.744	2.519
44.850	2.505
44.955	2.504
45.060	2.503
45.165	2.492
45.270	2.474
45.374	2.455
45.480	2.450
45.585	2.449
45.690	2.442
45.796	2.428
45.900	2.415
46.004	2.397
46.110	2.391
46.215	2.394
46.319	2.389
46.424	2.368
46.529	2.346
46.635	2.336
46.740	2.338
46.845	2.335
46.949	2.325
47.054	2.305
47.159	2.288
47.264	2.281
47.369	2.284
47.473	2.278
47.579	2.264
47.684	2.243
47.790	2.231
47.895	2.232
48.001	2.235
48.105	2.228
48.210	2.209
48.315	2.191
48.420	2.191
48.525	2.190
48.630	2.189
48.735	2.183
48.840	2.166
48.946	2.150
49.051	2.148
49.156	2.152
49.261	2.154
49.367	2.141
49.472	2.128
49.577	2.114
49.681	2.118
49.786	2.120
49.892	2.120
49.997	2.105
50.102	2.095
50.207	2.090
50.311	2.096
50.417	2.104
50.521	2.098
50.627	2.086
50.732	2.069
50.837	2.074
50.942	2.078
51.047	2.080
51.152	2.075
51.258	2.062
51.363	2.050
51.468	2.052
51.572	2.058
51.677	2.061
51.782	2.051
51.887	2.035
51.992	2.030
52.097	2.035
52.203	2.042
52.308	2.044
52.413	2.034
52.517	2.016
52.622	2.014
52.726	2.020
52.832	2.024
52.937	2.019
53.041	2.013
53.146	2.003
53.252	1.999
53.357	2.003
53.463	2.008
53.568	2.005
53.673	1.995
53.777	1.985
53.882	1.980
53.987	1.985
54.092	1.994
54.197	1.988
54.302	1.972
54.406	1.967
54.512	1.964
54.618	1.966
54.723	1.971
54.829	1.965
54.935	1.955
55.041	1.945
55.147	1.950
55.252	1.954
55.358	1.952
55.462	1.949
55.567	1.938
55.673	1.926
55.777	1.928
55.883	1.936
55.988	1.936
56.094	1.924
56.198	1.915
56.303	1.911
56.407	1.913
56.512	1.917
56.617	1.916
56.722	1.904
56.826	1.894
56.932	1.891
57.037	1.895
57.142	1.898
57.246	1.901
57.352	1.890
57.456	1.878
57.562	1.873
57.667	1.879
57.772	1.884
57.877	1.880
57.982	1.871
58.087	1.863
58.192	1.858
58.297	1.862
58.402	1.865
58.507	1.862
58.611	1.853
58.715	1.843
58.820	1.841
58.925	1.846
59.030	1.847
59.135	1.847
59.240	1.838
59.345	1.831
59.450	1.827
59.556	1.829
59.660	1.829
59.766	1.831
59.871	1.819
59.977	1.809
60.083	1.805
60.187	1.812
60.292	1.811
60.397	1.810
60.502	1.803
60.607	1.796
60.711	1.792
60.817	1.791
60.922	1.800
61.027	1.788
61.132	1.788
61.237	1.777
61.341	1.777
61.446	1.775
61.552	1.778
61.657	1.776
61.762	1.769
61.867	1.762
61.972	1.755
62.078	1.757
62.182	1.763
62.288	1.760
62.393	1.755
62.499	1.746
62.605	1.742
62.710	1.742
62.815	1.744
62.919	1.743
63.024	1.739
63.130	1.729
63.235	1.728
63.341	1.726
63.446	1.729
63.551	1.726
63.656	1.720
63.760	1.714
63.865	1.706
63.971	1.709
64.075	1.709
64.180	1.710
64.285	1.704
64.389	1.699
64.494	1.692
64.600	1.692
64.705	1.694
64.810	1.692
64.915	1.688
65.020	1.684
65.125	1.678
65.230	1.673
65.334	1.681
65.440	1.678
65.546	1.675
65.650	1.671
65.754	1.664
65.858	1.659
65.963	1.658
66.067	1.660
66.173	1.659
66.278	1.653
66.383	1.650
66.489	1.644
66.595	1.643
66.700	1.647
66.805	1.640
66.910	1.636
67.016	1.636
67.121	1.624
67.227	1.627
67.332	1.627
67.437	1.627
67.543	1.621
67.649	1.615
67.755	1.615
67.860	1.612
67.965	1.609
68.069	1.611
68.174	1.603
68.280	1.601
68.385	1.595
68.491	1.594
68.595	1.595
68.700	1.597
68.806	1.592
68.910	1.588
69.015	1.585
69.121	1.579
69.224	1.580
69.330	1.580
69.434	1.574
69.539	1.573
69.643	1.573
69.749	1.567
69.855	1.560
69.958	1.562
70.063	1.562
70.168	1.560
70.275	1.554
70.379	1.550
70.484	1.547
70.590	1.548
70.695	1.546
70.800	1.544
70.905	1.542
71.009	1.534
71.114	1.533
71.219	1.532
71.325	1.528
71.429	1.530
71.533	1.527
71.638	1.524
71.742	1.515
71.848	1.517
71.953	1.515
72.058	1.511
72.162	1.512
72.267	1.504
72.373	1.505
72.478	1.500
72.583	1.499
72.688	1.498
72.792	1.494
72.898	1.491
73.003	1.491
73.108	1.483
73.215	1.486
73.320	1.481
73.425	1.481
73.529	1.479
73.635	1.471
73.739	1.469
73.845	1.466
73.950	1.464
74.056	1.463
74.160	1.463
74.265	1.458
74.370	1.455
74.475	1.454
74.579	1.449
74.683	1.448
74.788	1.450
74.893	1.445
74.998	1.442
75.103	1.440
75.208	1.436
75.313	1.431
75.418	1.433
75.522	1.430
75.628	1.423
75.733	1.426
75.838	1.420
75.942	1.419
76.048	1.419
76.153	1.415
76.257	1.413
76.361	1.407
76.468	1.407
76.573	1.402
76.679	1.402
76.783	1.402
76.888	1.394
76.993	1.397
77.098	1.391
77.203	1.390
77.308	1.387
77.412	1.382
77.516	1.383
77.622	1.382
77.726	1.379
77.831	1.374
77.936	1.371
78.040	1.369
78.145	1.367
78.250	1.366
78.355	1.364
78.459	1.359
78.564	1.356
78.669	1.354
78.775	1.351
78.880	1.351
78.986	1.349
79.091	1.342
79.197	1.343
79.302	1.342
79.408	1.340
79.512	1.335
79.618	1.336
79.724	1.329
79.830	1.329
79.935	1.331
80.040	1.325
80.145	1.321
80.250	1.318
80.355	1.316
80.459	1.312
80.565	1.312
80.670	1.313
80.776	1.306
80.881	1.306
80.986	1.306
81.091	1.300
81.196	1.297
81.300	1.297
81.404	1.292
81.509	1.292
81.613	1.289
81.716	1.287
81.821	1.289
81.925	1.285
82.030	1.280
82.135	1.278
82.239	1.277
82.344	1.276
82.448	1.273
82.553	1.268
82.657	1.267
82.761	1.265
82.866	1.260
82.970	1.261
83.075	1.261
83.178	1.258
83.282	1.252
83.388	1.250
83.494	1.246
83.598	1.245
83.702	1.242
83.807	1.241
83.913	1.239
84.018	1.235
84.123	1.233
84.230	1.231
84.335	1.226
84.441	1.227
84.546	1.225
84.650	1.223
84.755	1.219
84.860	1.215
84.965	1.219
85.071	1.213
85.175	1.210
85.280	1.210
85.385	1.204
85.491	1.204
85.595	1.203
85.701	1.202
85.806	1.196
85.911	1.195
86.016	1.194
86.121	1.192
86.226	1.189
86.331	1.186
86.435	1.184
86.540	1.183
86.645	1.182
86.749	1.174
86.855	1.177
86.960	1.171
87.065	1.173
87.169	1.172
87.275	1.170
87.380	1.164
87.484	1.161
87.588	1.162
87.692	1.159
87.798	1.155
87.903	1.155
88.007	1.152
88.111	1.150
88.215	1.146
88.320	1.145
88.426	1.144
88.531	1.142
88.636	1.138
88.741	1.136
88.848	1.131
88.953	1.133
89.058	1.130
89.163	1.128
89.267	1.123
89.372	1.125
89.476	1.119
89.581	1.115
89.685	1.117
89.789	1.113
89.895	1.113
90.001	1.109
90.106	1.108
90.212	1.105
90.317	1.105
90.422	1.101
90.527	1.096
90.632	1.094
90.736	1.094
90.841	1.091
90.945	1.090
91.051	1.085
91.156	1.082
91.262	1.083
91.366	1.082
91.471	1.077
91.575	1.074
91.680	1.075
91.785	1.074
91.891	1.070
91.996	1.071
92.101	1.064
92.207	1.064
92.312	1.063
92.416	1.058
92.521	1.057
92.627	1.054
92.732	1.053
92.838	1.052
92.944	1.049
93.048	1.046
93.153	1.042
93.259	1.041
93.364	1.039
93.469	1.043
93.574	1.037
93.678	1.030
93.783	1.030
93.888	1.029
93.994	1.026
94.098	1.025
94.203	1.024
94.309	1.023
94.414	1.017
94.519	1.015
94.625	1.013
94.731	1.013
94.838	1.012
94.943	1.008
95.048	1.004
95.153	1.006
95.258	1.002
95.362	1.003
95.467	0.997
95.573	1.000
95.678	0.997
95.783	0.990
95.888	0.992
95.993	0.988
96.098	0.986
96.202	0.984
96.307	0.981
96.413	0.978
96.518	0.978
96.624	0.972
96.729	0.972
96.834	0.969
96.938	0.974
97.043	0.970
97.149	0.963
97.255	0.965
97.361	0.959
97.465	0.960
97.570	0.955
97.674	0.952
97.778	0.954
97.883	0.953
97.988	0.950
98.093	0.950
98.198	0.946
98.303	0.944
98.407	0.942
98.512	0.938
98.617	0.938
98.723	0.936
98.828	0.934
98.932	0.933
99.038	0.927
99.142	0.927
99.247	0.926
99.351	0.924
99.456	0.922
99.561	0.920
99.665	0.918
99.771	0.917
99.875	0.917
99.979	0.914
100.084	0.911
100.188	0.909
100.292	0.909
100.398	0.904
100.503	0.907
100.609	0.902
100.713	0.901
100.818	0.895
100.923	0.894
101.028	0.891
101.132	0.890
101.238	0.890
101.343	0.888
101.448	0.883
101.552	0.884
101.658	0.880
101.762	0.880
101.866	0.877
101.971	0.876
102.075	0.875
102.181	0.872
102.286	0.868
102.391	0.866
102.496	0.867
102.601	0.865
102.706	0.863
102.811	0.861
102.917	0.859
103.020	0.857
103.126	0.855
103.231	0.854
103.336	0.849
103.441	0.850
103.546	0.848
103.650	0.844
103.757	0.841
103.861	0.840
103.967	0.840
104.072	0.839
104.177	0.832
104.281	0.833
104.387	0.829
104.493	0.830
104.597	0.828
104.702	0.827
104.807	0.823
104.913	0.821
105.018	0.818
105.124	0.818
105.230	0.817
105.335	0.814
105.440	0.813
105.545	0.810
105.649	0.808
105.755	0.808
105.861	0.805
105.966	0.801
106.070	0.800
106.176	0.798
106.281	0.799
106.386	0.795
106.491	0.792
106.596	0.789
106.701	0.789
106.806	0.785
106.911	0.786
107.016	0.785
107.121	0.786
107.226	0.781
107.330	0.781
107.436	0.780
107.542	0.778
107.646	0.775
107.751	0.776
107.855	0.768
107.961	0.767
108.066	0.766
108.171	0.764
108.276	0.762
108.381	0.760
108.486	0.760
108.591	0.758
108.695	0.759
108.800	0.752
108.906	0.753
109.011	0.748
109.116	0.746
109.221	0.745
109.327	0.744
109.431	0.742
109.536	0.739
109.641	0.737
109.745	0.735
109.849	0.733
109.956	0.733
110.061	0.729
110.167	0.727
110.272	0.730
110.377	0.724
110.483	0.723
110.589	0.721
110.693	0.721
110.799	0.718
110.903	0.715
111.009	0.714
111.114	0.716
111.220	0.709
111.325	0.709
111.430	0.705
111.536	0.708
111.642	0.702
111.746	0.703
111.851	0.702
111.957	0.699
112.062	0.698
112.166	0.697
112.271	0.695
112.376	0.691
112.482	0.691
112.586	0.689
112.691	0.687
112.796	0.685
112.901	0.682
113.006	0.681
113.112	0.678
113.216	0.675
113.322	0.676
113.426	0.676
113.531	0.674
113.637	0.667
113.741	0.669
113.846	0.667
113.952	0.663
114.056	0.666
114.161	0.662
114.267	0.660
114.372	0.661
114.477	0.658
114.581	0.654
114.686	0.653
114.791	0.649
114.896	0.652
115.000	0.647
115.106	0.647
115.212	0.642
115.318	0.643
115.424	0.643
115.529	0.639
115.634	0.637
115.739	0.637
115.843	0.636
115.949	0.634
116.053	0.635
116.158	0.629
116.263	0.629
116.368	0.628
116.474	0.626
116.579	0.623
116.684	0.622
116.789	0.619
116.895	0.616
117.000	0.619
117.106	0.613
117.210	0.615
117.314	0.616
117.421	0.610
117.526	0.609
117.631	0.606
117.737	0.605
117.842	0.604
117.946	0.599
118.051	0.598
118.157	0.599
118.263	0.594
118.367	0.598
118.471	0.591
118.576	0.593
118.680	0.588
118.785	0.587
118.890	0.588
118.996	0.584
119.101	0.582
119.207	0.581
119.312	0.582
119.416	0.578
119.520	0.574
119.624	0.574
119.729	0.571
119.834	0.571
119.939	0.569
120.044	0.569
120.149	0.568
120.254	0.566
120.359	0.563
120.464	0.560
120.569	0.561
120.674	0.563
120.779	0.556
120.884	0.557
120.989	0.555
121.094	0.553
121.201	0.550
121.305	0.552
121.411	0.550
121.516	0.549
121.620	0.546
121.725	0.543
121.831	0.544
121.936	0.538
122.042	0.539
122.146	0.539
122.252	0.535
122.357	0.532
122.461	0.536
122.567	0.532
122.672	0.528
122.776	0.528
122.881	0.526
122.986	0.526
123.092	0.520
123.196	0.524
123.300	0.521
123.404	0.519
123.508	0.518
123.614	0.516
123.719	0.516
123.824	0.513
123.928	0.511
124.034	0.509
124.138	0.508
124.243	0.507
124.349	0.509
124.453	0.503
124.559	0.500
124.663	0.499
124.768	0.497
124.873	0.499
124.979	0.495
125.084	0.493
125.189	0.492
125.293	0.491
125.397	0.490
125.502	0.489
125.607	0.486
125.712	0.481
125.818	0.485
125.923	0.482
126.029	0.482
126.134	0.477
126.238	0.476
126.344	0.473
126.449	0.475
126.554	0.472
126.658	0.473
126.762	0.467
126.867	0.467
126.973	0.464
127.079	0.465
127.184	0.461
127.289	0.457
127.393	0.464
127.498	0.457
127.603	0.458
127.709	0.456
127.814	0.452
127.919	0.449
128.024	0.449
128.129	0.452
128.234	0.445
128.339	0.447
128.443	0.444
128.548	0.444
128.654	0.442
128.760	0.439
128.864	0.438
128.969	0.438
129.075	0.434
129.179	0.434
129.284	0.432
129.388	0.431
129.494	0.429
129.599	0.428
129.703	0.424
129.809	0.423
129.914	0.423
130.019	0.421
130.124	0.420
130.229	0.421
130.335	0.418
130.439	0.419
130.544	0.414
130.650	0.415
130.756	0.413
130.862	0.407
130.967	0.410
131.072	0.407
131.177	0.409
131.281	0.408
131.387	0.403
131.491	0.405
131.596	0.400
131.702	0.399
131.807	0.397
131.913	0.394
132.017	0.394
132.121	0.395
132.225	0.391
132.330	0.395
132.435	0.391
132.540	0.389
132.644	0.387
132.750	0.388
132.855	0.385
132.961	0.384
133.066	0.382
133.171	0.375
133.275	0.382
133.379	0.377
133.483	0.378
133.588	0.373
133.694	0.375
133.799	0.370
133.903	0.372
134.008	0.369
134.113	0.368
134.219	0.368
134.324	0.365
134.429	0.366
134.534	0.364
134.639	0.359
134.744	0.358
134.849	0.358
134.954	0.355
135.059	0.354
135.164	0.354
135.270	0.352
135.374	0.348
135.481	0.349
135.586	0.348
135.692	0.347
135.796	0.345
135.901	0.347
136.007	0.344
136.112	0.342
136.217	0.340
136.322	0.340
136.427	0.338
136.532	0.338
136.637	0.336
136.742	0.330
136.847	0.335
136.952	0.330
137.057	0.330
137.162	0.331
137.267	0.325
137.371	0.325
137.478	0.324
137.583	0.320
137.686	0.323
137.791	0.320
137.897	0.319
138.002	0.318
138.107	0.316
138.212	0.316
138.317	0.313
138.422	0.317
138.527	0.311
138.634	0.312
138.739	0.309
138.845	0.309
138.950	0.308
139.053	0.306
139.159	0.302
139.263	0.303
139.368	0.306
139.473	0.304
139.577	0.300
139.682	0.302
139.787	0.297
139.892	0.296
139.998	0.295
140.102	0.296
140.207	0.291
140.312	0.289
140.417	0.291
140.522	0.289
140.627	0.287
140.732	0.286
140.837	0.287
140.941	0.283
141.045	0.284
141.150	0.280
141.253	0.279
141.359	0.280
141.464	0.278
141.569	0.273
141.674	0.272
141.779	0.273
141.884	0.275
141.989	0.272
142.095	0.267
142.199	0.269
142.304	0.267
142.409	0.268
142.514	0.264
142.619	0.263
142.725	0.265
142.829	0.262
142.934	0.260
143.039	0.261
143.144	0.259
143.248	0.258
143.354	0.258
143.459	0.254
143.564	0.253
143.669	0.253
143.774	0.250
143.879	0.251
143.984	0.250
144.088	0.247
144.194	0.247
144.299	0.243
144.405	0.246
144.509	0.243
144.615	0.239
144.719	0.242
144.825	0.240
144.930	0.235
145.035	0.239
145.140	0.236
145.245	0.234
145.351	0.232
145.455	0.230
145.559	0.226
145.664	0.227
145.769	0.227
145.875	0.225
145.980	0.228
146.084	0.224
146.191	0.221
146.295	0.219
146.399	0.218
146.505	0.213
146.610	0.215
146.715	0.214
146.819	0.211
146.923	0.211
147.028	0.208
147.132	0.207
147.237	0.205
147.343	0.204
147.448	0.204
147.552	0.200
147.658	0.199
147.763	0.198
147.867	0.198
147.972	0.196
148.078	0.196
148.183	0.195
148.288	0.191
148.392	0.190
148.497	0.189
148.602	0.187
148.706	0.185
148.810	0.185
148.916	0.185
149.020	0.187
149.125	0.181
149.229	0.181
149.333	0.181
149.437	0.180
149.543	0.179
149.648	0.177
149.753	0.178
149.858	0.173
149.963	0.178
150.068	0.174
150.173	0.171
150.277	0.170
150.382	0.172
150.487	0.171
150.593	0.166
150.698	0.171
150.803	0.170
150.908	0.166
151.013	0.167
151.118	0.164
151.222	0.163
151.327	0.161
151.432	0.158
151.537	0.163
151.642	0.159
151.748	0.158
151.853	0.155
151.957	0.159
152.062	0.159
152.167	0.156
152.273	0.155
152.378	0.156
152.483	0.153
152.587	0.155
152.692	0.151
152.797	0.154
152.902	0.153
153.008	0.154
153.112	0.152
153.217	0.152
153.323	0.152
153.428	0.149
153.533	0.150
153.637	0.150
153.742	0.149
153.847	0.149
153.951	0.149
154.055	0.149
154.160	0.146
154.265	0.145
154.369	0.148
