23.990	6.198
24.098	6.197
24.203	6.204
24.307	6.202
24.412	6.194
24.516	6.189
24.622	6.190
24.727	6.196
24.833	6.189
24.938	6.182
25.043	6.178
25.148	6.183
25.252	6.184
25.356	6.178
25.462	6.170
25.567	6.169
25.672	6.174
25.777	6.175
25.883	6.166
25.987	6.161
26.093	6.161
26.198	6.167
26.303	6.163
26.408	6.157
26.512	6.151
26.617	6.155
26.722	6.157
26.828	6.152
26.934	6.145
27.038	6.145
27.142	6.147
27.248	6.148
27.353	6.139
27.457	6.134
27.563	6.135
27.668	6.139
27.773	6.140
27.877	6.132
27.981	6.123
28.085	6.123
28.190	6.137
28.294	6.132
28.398	6.119
28.502	6.117
28.608	6.120
28.713	6.126
28.817	6.119
28.922	6.108
29.027	6.106
29.132	6.112
29.237	6.112
29.343	6.104
29.448	6.099
29.553	6.098
29.659	6.100
29.764	6.100
29.870	6.096
29.975	6.088
30.080	6.090
30.184	6.094
30.288	6.091
30.393	6.085
30.498	6.075
30.605	6.080
30.710	6.085
30.815	6.076
30.920	6.071
31.025	6.067
31.131	6.072
31.236	6.076
31.341	6.069
31.446	6.062
31.551	6.061
31.656	6.066
31.761	6.063
31.866	6.057
31.970	6.048
32.075	6.053
32.180	6.055
32.285	6.052
32.390	6.043
32.494	6.039
32.600	6.043
32.705	6.047
32.810	6.042
32.914	6.033
33.018	6.031
33.123	6.037
33.228	6.038
33.334	6.031
33.438	6.026
33.543	6.028
33.648	6.026
33.752	6.028
33.857	6.023
33.963	6.018
34.068	6.013
34.173	6.019
34.277	6.018
34.381	6.013
34.486	6.006
34.590	6.009
34.695	6.010
34.799	6.006
34.902	6.004
35.008	5.997
35.113	5.997
35.217	6.002
35.321	5.996
35.427	5.991
35.532	5.991
35.636	5.991
35.742	5.993
35.846	5.987
35.951	5.983
36.055	5.981
36.160	5.981
36.265	5.976
36.370	5.975
36.475	5.970
36.579	5.971
36.685	5.970
36.790	5.966
36.896	5.964
37.001	5.963
37.106	5.960
37.210	5.957
37.315	5.958
37.420	5.954
37.525	5.950
37.629	5.949
37.735	5.947
37.839	5.945
37.943	5.945
38.048	5.938
38.154	5.941
38.260	5.939
38.365	5.937
38.470	5.934
38.576	5.933
38.680	5.931
38.784	5.930
38.888	5.930
38.993	5.926
39.097	5.922
39.203	5.922
39.308	5.922
39.413	5.919
39.519	5.915
39.625	5.915
39.730	5.912
39.834	5.912
39.940	5.912
40.046	5.906
40.150	5.904
40.256	5.905
40.360	5.905
40.465	5.902
40.570	5.894
40.676	5.893
40.782	5.898
40.886	5.896
40.991	5.891
41.096	5.887
41.200	5.887
41.305	5.886
41.410	5.884
41.515	5.883
41.620	5.879
41.726	5.877
41.831	5.879
41.936	5.873
42.040	5.871
42.145	5.867
42.249	5.867
42.354	5.868
42.460	5.865
42.564	5.859
42.670	5.857
42.774	5.860
42.880	5.859
42.985	5.852
43.090	5.851
43.195	5.850
43.300	5.846
43.405	5.848
43.510	5.840
43.615	5.837
43.720	5.840
43.824	5.840
43.930	5.833
44.035	5.831
44.141	5.833
44.245	5.829
44.350	5.829
44.454	5.827
44.559	5.822
44.664	5.823
44.770	5.823
44.875	5.820
44.981	5.814
45.085	5.814
45.190	5.814
45.296	5.814
45.400	5.817
45.505	5.807
45.610	5.806
45.715	5.806
45.820	5.803
45.924	5.804
46.029	5.797
46.133	5.795
46.237	5.795
46.341	5.796
46.447	5.792
46.553	5.785
46.657	5.784
46.762	5.785
46.868	5.785
46.973	5.784
47.078	5.777
47.183	5.778
47.289	5.777
47.393	5.779
47.498	5.772
47.603	5.767
47.708	5.766
47.813	5.770
47.918	5.765
48.023	5.762
48.129	5.758
48.234	5.759
48.340	5.760
48.445	5.757
48.550	5.752
48.654	5.747
48.760	5.748
48.865	5.749
48.969	5.747
49.073	5.742
49.178	5.741
49.282	5.742
49.387	5.740
49.493	5.737
49.598	5.733
49.703	5.732
49.807	5.728
49.912	5.730
50.018	5.724
50.123	5.723
50.228	5.722
50.332	5.723
50.437	5.720
50.542	5.716
50.647	5.714
50.753	5.712
50.857	5.716
50.963	5.710
51.067	5.706
51.172	5.702
51.278	5.704
51.383	5.705
51.488	5.699
51.593	5.699
51.697	5.695
51.802	5.696
51.907	5.697
52.012	5.690
52.117	5.687
52.223	5.689
52.328	5.685
52.433	5.683
52.538	5.679
52.642	5.677
52.748	5.681
52.852	5.679
52.956	5.675
53.061	5.669
53.167	5.667
53.271	5.670
53.375	5.669
53.480	5.666
53.585	5.661
53.689	5.660
53.795	5.664
53.900	5.657
54.005	5.655
54.110	5.650
54.216	5.651
54.320	5.650
54.425	5.651
54.530	5.648
54.634	5.640
54.740	5.640
54.844	5.641
54.949	5.636
55.052	5.633
55.157	5.630
55.262	5.630
55.367	5.631
55.471	5.629
55.575	5.625
55.681	5.621
55.787	5.621
55.891	5.620
55.996	5.615
56.102	5.615
56.206	5.614
56.312	5.613
56.416	5.611
56.522	5.609
56.626	5.605
56.732	5.606
56.837	5.605
56.943	5.600
57.047	5.602
57.153	5.597
57.258	5.598
57.364	5.594
57.470	5.592
57.575	5.589
57.680	5.589
57.786	5.587
57.891	5.588
57.995	5.585
58.100	5.582
58.205	5.578
58.310	5.576
58.416	5.574
58.522	5.573
58.629	5.571
58.733	5.569
58.837	5.567
58.942	5.566
59.047	5.563
59.152	5.562
59.256	5.561
59.360	5.560
59.466	5.558
59.573	5.557
59.678	5.554
59.783	5.549
59.887	5.548
59.993	5.550
60.098	5.546
60.203	5.545
60.308	5.545
60.414	5.542
60.519	5.540
60.624	5.535
60.729	5.533
60.834	5.535
60.939	5.533
61.044	5.532
61.148	5.530
61.253	5.526
61.358	5.523
61.463	5.522
61.568	5.521
61.674	5.518
61.779	5.519
61.884	5.514
61.989	5.514
62.093	5.511
62.197	5.508
62.302	5.508
62.408	5.503
62.512	5.502
62.617	5.503
62.723	5.498
62.828	5.499
62.933	5.492
63.037	5.493
63.143	5.490
63.247	5.493
63.352	5.488
63.457	5.487
63.563	5.485
63.668	5.481
63.773	5.480
63.878	5.477
63.983	5.477
64.088	5.478
64.192	5.472
64.296	5.471
64.403	5.472
64.507	5.465
64.613	5.467
64.717	5.461
64.823	5.459
64.927	5.460
65.032	5.453
65.138	5.456
65.244	5.452
65.350	5.448
65.454	5.446
65.560	5.445
65.664	5.446
65.768	5.442
65.872	5.443
65.978	5.438
66.082	5.438
66.188	5.435
66.293	5.436
66.398	5.433
66.502	5.430
66.608	5.431
66.714	5.425
66.818	5.426
66.923	5.424
67.028	5.422
67.132	5.418
67.238	5.418
67.342	5.414
67.448	5.413
67.554	5.409
67.659	5.409
67.766	5.405
67.871	5.407
67.975	5.404
68.081	5.401
68.185	5.401
68.290	5.396
68.396	5.397
68.500	5.391
68.605	5.396
68.710	5.389
68.816	5.391
68.920	5.388
69.025	5.388
69.131	5.384
69.235	5.378
69.340	5.379
69.445	5.375
69.550	5.372
69.656	5.373
69.761	5.371
69.865	5.370
69.971	5.368
70.077	5.365
70.182	5.365
70.287	5.363
70.390	5.360
70.496	5.359
70.601	5.354
70.705	5.356
70.810	5.353
70.915	5.351
71.020	5.352
71.124	5.348
71.230	5.346
71.334	5.346
71.438	5.342
71.544	5.341
71.648	5.337
71.753	5.336
71.858	5.336
71.963	5.333
72.068	5.327
72.173	5.327
72.278	5.328
72.382	5.321
72.488	5.322
72.594	5.320
72.698	5.319
72.803	5.319
72.907	5.315
73.012	5.313
73.118	5.308
73.223	5.310
73.328	5.309
73.434	5.305
73.538	5.305
73.642	5.302
73.747	5.305
73.853	5.298
73.958	5.296
74.062	5.291
74.166	5.295
74.273	5.293
74.378	5.293
74.482	5.286
74.588	5.286
74.693	5.285
74.798	5.282
74.903	5.279
75.007	5.279
75.112	5.275
75.218	5.270
75.323	5.273
75.428	5.273
75.533	5.269
75.638	5.273
75.743	5.265
75.847	5.262
75.951	5.260
76.057	5.262
76.163	5.257
76.269	5.256
76.374	5.253
76.478	5.251
76.583	5.251
76.689	5.249
76.794	5.245
76.898	5.246
77.003	5.245
77.108	5.241
77.213	5.240
77.318	5.237
77.424	5.238
77.529	5.233
77.634	5.234
77.739	5.231
77.843	5.228
77.948	5.229
78.053	5.221
78.158	5.222
78.263	5.222
78.368	5.220
78.473	5.217
78.579	5.213
78.685	5.214
78.790	5.212
78.893	5.208
79.000	5.205
79.105	5.209
79.209	5.205
79.316	5.200
79.420	5.200
79.526	5.197
79.630	5.200
79.736	5.197
79.840	5.193
79.945	5.189
80.050	5.188
80.155	5.187
80.260	5.188
80.366	5.183
80.470	5.184
80.575	5.181
80.680	5.182
80.785	5.178
80.890	5.175
80.994	5.177
81.099	5.172
81.204	5.172
81.310	5.168
81.414	5.166
81.520	5.163
81.624	5.161
81.730	5.159
81.835	5.158
81.940	5.156
82.045	5.157
82.150	5.154
82.256	5.152
82.360	5.149
82.465	5.145
82.570	5.147
82.676	5.139
82.780	5.142
82.886	5.139
82.990	5.139
83.095	5.138
83.200	5.133
83.305	5.129
83.410	5.132
83.515	5.130
83.620	5.127
83.726	5.126
83.832	5.124
83.938	5.118
84.043	5.120
84.149	5.116
84.252	5.116
84.358	5.114
84.463	5.111
84.568	5.112
84.672	5.105
84.776	5.107
84.881	5.105
84.986	5.104
85.090	5.103
85.196	5.098
85.301	5.100
85.406	5.095
85.511	5.095
85.616	5.091
85.723	5.088
85.827	5.088
85.933	5.088
86.037	5.084
86.141	5.080
86.247	5.079
86.352	5.078
86.456	5.076
86.560	5.075
86.666	5.074
86.771	5.071
86.876	5.071
86.982	5.068
87.087	5.065
87.191	5.067
87.296	5.066
87.402	5.060
87.508	5.058
87.613	5.057
87.718	5.056
87.824	5.051
87.928	5.050
88.033	5.050
88.138	5.050
88.244	5.048
88.349	5.045
88.455	5.043
88.561	5.040
88.665	5.035
88.770	5.036
88.875	5.033
88.980	5.028
89.084	5.031
89.190	5.030
89.295	5.027
89.401	5.028
89.506	5.026
89.612	5.019
89.718	5.022
89.822	5.019
89.928	5.012
90.033	5.014
90.137	5.014
90.241	5.011
90.345	5.008
90.451	5.009
90.556	5.005
90.660	5.002
90.766	5.001
90.870	5.001
90.976	4.999
91.082	4.996
91.187	4.996
91.292	4.992
91.397	4.991
91.503	4.988
91.607	4.989
91.712	4.982
91.817	4.981
91.922	4.980
92.028	4.979
92.134	4.977
92.239	4.976
92.345	4.976
92.451	4.974
92.555	4.974
92.660	4.967
92.765	4.969
92.869	4.965
92.974	4.966
93.078	4.962
93.183	4.961
93.287	4.958
93.393	4.957
93.498	4.954
93.603	4.951
93.707	4.951
93.811	4.949
93.917	4.952
94.021	4.946
94.125	4.944
94.230	4.941
94.335	4.939
94.440	4.938
94.545	4.937
94.650	4.933
94.755	4.934
94.860	4.932
94.965	4.929
95.070	4.930
95.177	4.926
95.282	4.922
95.386	4.921
95.491	4.919
95.596	4.918
95.701	4.916
95.805	4.912
95.910	4.911
96.015	4.913
96.120	4.912
96.226	4.907
96.332	4.908
96.438	4.904
96.543	4.904
96.648	4.902
96.753	4.899
96.859	4.899
96.964	4.893
97.069	4.891
97.174	4.888
97.280	4.890
97.384	4.890
97.489	4.888
97.595	4.883
97.699	4.881
97.805	4.879
97.910	4.881
98.017	4.877
98.123	4.875
98.227	4.872
98.331	4.871
98.436	4.870
98.541	4.870
98.646	4.864
98.750	4.863
98.855	4.864
98.960	4.861
99.066	4.858
99.170	4.857
99.275	4.855
99.380	4.856
99.486	4.851
99.590	4.850
99.696	4.846
99.800	4.846
99.904	4.845
100.010	4.845
100.115	4.839
100.220	4.839
100.325	4.835
100.430	4.835
100.534	4.830
100.641	4.832
100.745	4.829
100.850	4.827
100.955	4.824
101.060	4.823
101.165	4.821
101.271	4.819
101.376	4.817
101.480	4.815
101.585	4.814
101.690	4.811
101.795	4.808
101.899	4.807
102.004	4.806
102.108	4.805
102.213	4.805
102.318	4.801
102.423	4.800
102.528	4.798
102.633	4.801
102.737	4.794
102.842	4.792
102.948	4.789
103.053	4.788
103.159	4.787
103.264	4.787
103.368	4.782
103.472	4.779
103.578	4.782
103.682	4.781
103.787	4.775
103.892	4.776
103.996	4.773
104.101	4.768
104.205	4.768
104.310	4.767
104.416	4.766
104.520	4.765
104.626	4.758
104.730	4.758
104.836	4.758
104.940	4.758
105.045	4.754
105.150	4.750
105.256	4.748
105.362	4.750
105.468	4.744
105.574	4.748
105.679	4.742
105.785	4.738
105.890	4.738
105.995	4.741
106.100	4.733
106.205	4.734
106.310	4.732
106.416	4.727
106.520	4.729
106.626	4.729
106.730	4.730
106.836	4.723
106.940	4.724
107.046	4.723
107.153	4.720
107.258	4.720
107.363	4.717
107.469	4.715
107.574	4.711
107.679	4.712
107.785	4.711
107.889	4.709
107.994	4.705
108.101	4.704
108.205	4.699
108.310	4.701
108.414	4.698
108.518	4.696
108.623	4.694
108.728	4.696
108.832	4.693
108.938	4.692
109.043	4.688
109.148	4.686
109.252	4.685
109.358	4.684
109.463	4.680
109.567	4.680
109.673	4.675
109.778	4.676
109.884	4.674
109.988	4.668
110.093	4.669
110.200	4.669
110.304	4.669
110.408	4.665
110.513	4.662
110.618	4.660
110.723	4.657
110.829	4.658
110.934	4.652
111.040	4.654
111.145	4.653
111.250	4.652
111.354	4.649
111.460	4.650
111.565	4.647
111.670	4.645
111.775	4.640
111.879	4.640
111.983	4.637
112.089	4.637
112.194	4.633
112.299	4.633
112.405	4.630
112.509	4.628
112.613	4.628
112.718	4.625
112.823	4.622
112.927	4.621
113.033	4.620
113.138	4.616
113.242	4.617
113.346	4.617
113.452	4.610
113.558	4.613
113.662	4.608
113.766	4.609
113.870	4.604
113.976	4.607
114.082	4.602
114.187	4.597
114.292	4.598
114.398	4.598
114.502	4.594
114.607	4.592
114.713	4.591
114.818	4.588
114.924	4.589
115.028	4.586
115.133	4.585
115.238	4.581
115.343	4.581
115.447	4.581
115.553	4.577
115.658	4.578
115.763	4.572
115.867	4.571
115.974	4.570
116.078	4.567
116.183	4.569
116.288	4.562
116.394	4.562
116.499	4.561
116.603	4.559
116.708	4.554
116.813	4.555
116.918	4.553
117.023	4.553
117.127	4.547
117.232	4.546
117.337	4.544
117.443	4.539
117.548	4.543
117.653	4.542
117.757	4.540
117.863	4.536
117.968	4.534
118.073	4.531
118.177	4.531
118.283	4.530
118.389	4.529
118.495	4.526
118.600	4.523
118.705	4.522
118.810	4.522
118.915	4.517
119.020	4.517
119.125	4.517
119.230	4.514
119.335	4.512
119.440	4.509
119.545	4.508
119.651	4.504
119.757	4.505
119.862	4.504
119.967	4.501
120.073	4.499
120.178	4.496
120.284	4.497
120.391	4.490
120.495	4.495
120.601	4.488
120.707	4.487
120.812	4.484
120.918	4.485
121.023	4.480
121.128	4.482
121.232	4.478
121.339	4.478
121.443	4.472
121.548	4.474
121.653	4.468
121.757	4.473
121.862	4.469
121.967	4.467
122.071	4.466
122.176	4.459
122.280	4.465
122.386	4.460
122.492	4.455
122.598	4.454
122.703	4.454
122.807	4.455
122.911	4.454
123.015	4.449
123.120	4.447
123.226	4.444
123.330	4.439
123.435	4.442
123.540	4.440
123.645	4.439
123.749	4.431
123.855	4.435
123.960	4.434
124.065	4.427
124.170	4.429
124.275	4.428
124.379	4.426
124.485	4.425
124.590	4.420
124.697	4.421
124.803	4.418
124.908	4.418
125.012	4.416
125.118	4.416
125.223	4.413
125.327	4.408
125.433	4.405
125.538	4.407
125.643	4.405
125.748	4.406
125.853	4.400
125.958	4.402
126.064	4.398
126.168	4.396
126.273	4.397
126.378	4.392
126.482	4.392
126.588	4.388
126.693	4.387
126.798	4.385
126.903	4.385
127.009	4.381
127.115	4.379
127.218	4.379
127.323	4.379
127.427	4.375
127.533	4.372
127.638	4.375
127.742	4.371
127.848	4.369
127.952	4.369
128.057	4.365
128.163	4.363
128.269	4.362
128.373	4.363
128.478	4.356
128.582	4.357
128.686	4.353
128.789	4.352
128.893	4.350
128.998	4.352
129.103	4.347
129.208	4.345
129.312	4.344
129.416	4.342
129.521	4.342
129.627	4.338
129.732	4.334
129.837	4.337
129.941	4.331
130.047	4.332
130.153	4.333
130.258	4.328
130.362	4.327
130.467	4.327
130.573	4.322
130.678	4.323
130.784	4.318
130.888	4.320
130.993	4.320
131.097	4.315
131.202	4.314
131.306	4.310
131.411	4.312
131.515	4.310
131.621	4.306
131.727	4.306
131.833	4.301
131.938	4.302
132.043	4.298
132.147	4.297
132.253	4.296
132.358	4.293
132.462	4.293
132.568	4.290
132.672	4.290
132.778	4.286
132.882	4.286
132.988	4.282
133.093	4.281
133.198	4.280
133.303	4.280
133.408	4.276
133.514	4.275
133.619	4.273
133.724	4.274
133.828	4.267
133.934	4.266
134.039	4.266
134.145	4.262
134.248	4.260
134.353	4.263
134.458	4.259
134.563	4.255
134.669	4.258
134.774	4.253
134.879	4.255
134.984	4.250
135.090	4.249
135.194	4.247
135.299	4.246
135.405	4.245
135.510	4.242
135.616	4.241
135.721	4.238
135.825	4.233
135.931	4.234
136.036	4.233
136.141	4.229
136.246	4.231
136.351	4.229
136.456	4.227
136.561	4.224
136.666	4.224
136.770	4.221
136.875	4.220
136.980	4.220
137.085	4.215
137.190	4.210
137.296	4.213
137.400	4.211
137.506	4.208
137.611	4.204
137.716	4.204
137.821	4.203
137.925	4.200
138.030	4.201
138.136	4.200
138.240	4.197
138.345	4.192
138.450	4.191
138.555	4.188
138.660	4.188
138.766	4.186
138.870	4.184
138.975	4.183
139.080	4.186
139.185	4.173
139.290	4.180
139.394	4.176
139.500	4.177
139.605	4.174
139.710	4.170
139.816	4.166
139.920	4.169
140.025	4.169
140.130	4.167
140.234	4.164
140.338	4.157
140.443	4.157
140.547	4.161
140.651	4.159
140.758	4.156
140.863	4.146
140.968	4.150
141.072	4.152
141.177	4.144
141.282	4.146
141.387	4.142
141.492	4.143
141.598	4.142
141.702	4.139
141.807	4.136
141.912	4.134
142.018	4.134
142.123	4.132
142.228	4.128
142.333	4.129
142.438	4.124
142.543	4.128
142.649	4.126
142.754	4.122
142.859	4.116
142.963	4.113
143.068	4.116
143.174	4.111
143.278	4.114
143.384	4.109
143.488	4.108
143.594	4.105
143.698	4.106
143.802	4.101
143.908	4.101
144.013	4.098
144.119	4.096
144.224	4.098
144.328	4.098
144.433	4.089
144.538	4.088
144.644	4.091
144.750	4.092
144.855	4.086
144.961	4.080
145.066	4.081
145.170	4.081
145.276	4.076
145.380	4.079
145.485	4.075
145.591	4.073
145.694	4.073
145.801	4.069
145.905	4.069
146.009	4.063
146.116	4.061
146.221	4.061
146.326	4.063
146.431	4.058
146.536	4.058
146.640	4.056
146.745	4.055
146.851	4.051
146.954	4.052
147.061	4.051
147.164	4.050
147.271	4.046
147.375	4.045
147.481	4.041
147.586	4.044
147.690	4.037
147.796	4.041
147.900	4.034
148.006	4.035
148.110	4.031
148.216	4.028
148.322	4.026
148.428	4.025
148.533	4.026
148.638	4.022
148.744	4.022
148.848	4.019
148.954	4.017
149.058	4.015
149.163	4.010
149.269	4.012
149.372	4.013
149.478	4.010
149.583	4.004
149.688	4.007
149.794	4.006
149.899	4.000
150.004	3.998
150.111	3.997
150.214	3.996
150.320	3.993
150.425	3.995
150.530	3.989
150.634	3.990
150.741	3.989
150.845	3.986
150.949	3.989
151.054	3.985
151.158	3.982
151.263	3.976
151.367	3.978
151.472	3.977
151.577	3.977
151.681	3.971
151.788	3.970
151.893	3.968
151.998	3.965
152.103	3.964
152.207	3.964
152.313	3.960
152.418	3.961
152.524	3.957
152.628	3.954
152.733	3.956
152.838	3.951
152.943	3.950
153.048	3.949
153.155	3.947
153.260	3.943
153.365	3.944
153.471	3.940
153.576	3.939
153.682	3.936
153.788	3.938
153.893	3.935
153.998	3.931
154.104	3.930
154.208	3.933
154.313	3.925
154.417	3.925
154.523	3.921
154.629	3.924
154.734	3.920
154.838	3.919
154.943	3.919
155.049	3.917
155.153	3.913
155.258	3.915
155.362	3.908
155.467	3.907
155.573	3.908
155.678	3.908
155.783	3.903
155.889	3.903
155.994	3.900
156.098	3.900
156.202	3.895
156.307	3.896
156.412	3.892
156.516	3.892
156.620	3.889
156.725	3.890
156.830	3.887
156.935	3.889
157.040	3.884
157.145	3.885
157.250	3.882
157.356	3.880
157.460	3.876
157.564	3.873
157.670	3.870
157.776	3.868
157.883	3.871
157.988	3.868
158.094	3.866
158.198	3.866
158.303	3.865
158.409	3.859
158.515	3.856
158.620	3.857
158.726	3.857
158.831	3.852
158.937	3.852
159.042	3.851
159.148	3.848
159.252	3.846
159.358	3.843
159.462	3.845
159.567	3.842
159.673	3.841
159.779	3.836
159.885	3.835
159.990	3.835
160.094	3.833
160.198	3.830
160.303	3.828
160.409	3.828
160.515	3.827
160.621	3.823
160.727	3.823
160.833	3.818
160.937	3.821
161.042	3.816
161.148	3.812
161.254	3.812
161.358	3.810
161.462	3.809
161.569	3.810
161.673	3.805
161.779	3.804
161.883	3.803
161.988	3.801
162.093	3.802
162.198	3.795
162.303	3.796
162.409	3.797
162.514	3.793
162.618	3.791
162.723	3.789
162.828	3.784
162.932	3.786
163.038	3.783
163.142	3.783
163.247	3.780
163.353	3.780
163.459	3.780
163.564	3.776
163.668	3.772
163.772	3.775
163.877	3.768
163.983	3.770
164.088	3.769
164.192	3.765
164.298	3.763
164.403	3.764
164.508	3.761
164.613	3.761
164.718	3.755
164.822	3.753
164.928	3.755
165.033	3.749
165.138	3.750
165.243	3.746
165.349	3.747
165.453	3.744
165.559	3.739
165.663	3.743
165.768	3.740
165.873	3.737
165.978	3.731
166.082	3.734
166.187	3.731
166.293	3.733
166.399	3.729
166.504	3.727
166.608	3.723
166.713	3.726
166.819	3.720
166.923	3.717
167.028	3.721
167.132	3.717
167.237	3.714
167.342	3.714
167.448	3.710
167.553	3.712
167.657	3.705
167.762	3.710
167.869	3.707
167.973	3.703
168.079	3.700
168.184	3.700
168.290	3.696
168.397	3.698
168.502	3.697
168.605	3.693
168.711	3.688
168.816	3.691
168.920	3.684
169.024	3.686
169.131	3.685
169.234	3.685
169.341	3.681
169.448	3.681
169.553	3.678
169.658	3.673
169.762	3.674
169.866	3.674
169.970	3.669
170.077	3.665
170.180	3.666
170.285	3.665
170.390	3.663
170.494	3.662
170.599	3.661
170.704	3.659
170.810	3.657
170.916	3.656
171.021	3.654
171.125	3.651
171.229	3.650
171.333	3.648
171.438	3.651
171.543	3.645
171.648	3.641
171.753	3.643
171.859	3.641
171.963	3.641
172.068	3.638
172.173	3.635
172.278	3.634
172.383	3.633
172.488	3.636
172.593	3.626
172.698	3.627
172.803	3.627
172.908	3.621
173.012	3.620
173.118	3.621
173.223	3.619
173.328	3.613
173.432	3.613
173.538	3.611
173.643	3.608
173.748	3.611
173.853	3.607
173.959	3.606
174.063	3.599
174.167	3.605
174.273	3.598
174.378	3.598
174.484	3.599
174.588	3.596
174.693	3.591
174.798	3.594
174.903	3.593
175.008	3.588
175.114	3.588
175.218	3.590
175.325	3.583
175.429	3.581
175.534	3.580
175.641	3.578
175.746	3.576
175.850	3.574
175.956	3.578
176.061	3.570
176.166	3.568
176.269	3.570
176.376	3.565
176.481	3.564
176.587	3.563
176.690	3.561
176.796	3.562
176.901	3.559
177.006	3.556
177.110	3.553
177.216	3.553
177.321	3.550
177.426	3.547
177.531	3.548
177.635	3.545
177.740	3.542
177.844	3.541
177.949	3.541
178.054	3.536
178.158	3.538
178.263	3.533
178.368	3.532
178.473	3.529
178.577	3.528
178.683	3.529
178.788	3.526
178.894	3.527
178.999	3.522
179.104	3.519
179.211	3.520
179.315	3.517
179.421	3.515
179.525	3.513
179.630	3.516
179.735	3.508
179.840	3.509
179.945	3.506
180.050	3.506
180.154	3.502
180.260	3.503
180.365	3.501
180.471	3.501
180.576	3.500
180.680	3.496
180.785	3.493
180.891	3.492
180.997	3.489
181.101	3.484
181.206	3.489
181.311	3.487
181.416	3.479
181.521	3.482
181.625	3.481
181.731	3.476
181.836	3.472
181.943	3.474
182.048	3.473
182.152	3.473
182.258	3.471
182.364	3.468
182.468	3.465
182.572	3.466
182.678	3.464
182.782	3.459
182.887	3.459
182.993	3.458
183.098	3.454
183.202	3.452
183.306	3.451
183.411	3.450
183.516	3.447
183.621	3.446
183.726	3.446
183.830	3.443
183.936	3.443
184.041	3.440
184.145	3.438
184.249	3.436
184.355	3.435
184.460	3.433
184.564	3.431
184.669	3.432
184.774	3.427
184.879	3.426
184.983	3.425
185.088	3.423
185.193	3.421
185.298	3.420
185.403	3.416
185.509	3.416
185.613	3.417
185.718	3.412
185.824	3.411
185.929	3.405
186.034	3.409
186.138	3.407
186.243	3.403
186.348	3.405
186.453	3.399
186.558	3.400
186.664	3.398
186.768	3.396
186.873	3.392
186.978	3.391
187.083	3.391
187.188	3.386
187.293	3.385
187.396	3.386
187.502	3.386
187.605	3.383
187.710	3.381
187.816	3.384
187.921	3.378
188.026	3.374
188.131	3.372
188.236	3.374
188.341	3.374
188.445	3.368
188.551	3.369
188.655	3.366
188.760	3.361
188.865	3.359
188.970	3.361
189.075	3.357
189.181	3.357
189.286	3.358
189.391	3.354
189.497	3.349
189.600	3.351
189.706	3.347
189.812	3.343
189.915	3.346
190.021	3.346
190.127	3.340
190.232	3.338
190.336	3.339
190.441	3.334
190.546	3.332
190.652	3.333
190.755	3.332
190.861	3.328
190.965	3.327
191.071	3.326
191.175	3.324
191.281	3.321
191.386	3.324
191.490	3.319
191.596	3.317
191.701	3.317
191.806	3.316
191.911	3.310
192.016	3.312
192.122	3.311
192.227	3.308
192.331	3.308
192.436	3.304
192.542	3.302
192.648	3.302
192.753	3.299
192.858	3.298
192.964	3.292
193.069	3.293
193.174	3.290
193.280	3.289
193.385	3.290
193.489	3.287
193.593	3.285
193.698	3.284
193.804	3.281
193.908	3.279
194.012	3.279
194.118	3.278
194.221	3.273
194.328	3.273
194.432	3.272
194.538	3.267
194.643	3.265
194.748	3.269
194.853	3.263
194.958	3.263
195.063	3.258
195.168	3.257
195.273	3.257
195.378	3.261
195.484	3.250
195.591	3.252
195.696	3.253
195.801	3.252
195.906	3.248
196.011	3.248
196.116	3.246
196.220	3.243
196.327	3.238
196.431	3.243
196.535	3.237
196.638	3.238
196.743	3.233
196.849	3.234
196.954	3.231
197.058	3.230
197.164	3.230
197.270	3.225
197.376	3.224
197.480	3.221
197.585	3.220
197.691	3.222
197.796	3.218
197.900	3.218
198.006	3.214
198.110	3.216
198.216	3.213
198.322	3.207
198.426	3.210
198.530	3.209
198.635	3.203
198.741	3.202
198.846	3.201
198.951	3.200
199.056	3.197
199.161	3.195
199.267	3.190
199.373	3.195
199.478	3.193
199.582	3.188
199.688	3.187
199.793	3.185
199.898	3.185
200.004	3.182
200.109	3.179
200.213	3.178
200.318	3.169
200.422	3.175
200.528	3.172
200.634	3.169
200.739	3.169
200.843	3.171
200.949	3.165
201.055	3.165
201.158	3.163
201.264	3.162
201.370	3.158
201.474	3.155
201.580	3.155
201.686	3.153
201.791	3.152
201.896	3.152
202.001	3.147
202.106	3.148
202.211	3.146
202.317	3.144
202.422	3.140
202.528	3.140
202.632	3.139
202.738	3.135
202.843	3.134
202.949	3.129
203.054	3.132
203.159	3.131
203.263	3.128
203.368	3.124
203.473	3.124
203.578	3.125
203.683	3.117
203.788	3.118
203.892	3.119
203.997	3.117
204.102	3.112
204.206	3.112
204.311	3.111
204.416	3.106
204.521	3.108
204.626	3.105
204.731	3.102
204.837	3.101
204.943	3.100
205.048	3.099
205.152	3.097
205.257	3.094
205.364	3.092
205.468	3.094
205.573	3.091
205.677	3.087
205.782	3.089
205.886	3.087
205.991	3.087
206.095	3.078
206.200	3.081
206.304	3.081
206.411	3.074
206.517	3.075
206.621	3.074
206.726	3.073
206.830	3.069
206.934	3.069
207.038	3.066
207.144	3.062
207.250	3.065
207.354	3.060
207.459	3.061
207.563	3.061
207.667	3.055
207.773	3.054
207.878	3.052
207.984	3.051
208.088	3.047
208.193	3.048
208.298	3.047
208.403	3.042
208.508	3.041
208.612	3.040
208.718	3.039
208.824	3.036
208.929	3.038
209.033	3.032
209.138	3.033
209.242	3.031
209.347	3.028
209.453	3.027
209.558	3.027
209.663	3.025
209.768	3.021
209.873	3.018
209.977	3.021
210.082	3.018
210.186	3.013
210.290	3.016
210.396	3.009
210.500	3.008
210.605	3.008
210.709	3.007
210.813	3.008
210.918	3.003
211.024	3.001
211.129	3.000
211.233	2.999
211.338	2.996
211.444	2.998
211.549	2.994
211.655	2.995
211.760	2.989
211.866	2.985
211.971	2.991
212.075	2.989
212.180	2.984
212.285	2.979
212.391	2.979
212.495	2.980
212.600	2.976
212.705	2.977
212.811	2.975
212.916	2.975
213.021	2.970
213.124	2.971
213.229	2.971
213.334	2.966
213.439	2.962
213.543	2.962
213.648	2.961
213.753	2.959
213.858	2.957
213.961	2.956
214.066	2.955
214.171	2.952
214.277	2.949
214.381	2.950
214.486	2.946
214.591	2.945
214.697	2.942
214.803	2.945
214.908	2.942
215.014	2.940
215.118	2.937
215.224	2.936
215.328	2.935
215.432	2.931
215.537	2.930
215.643	2.929
215.748	2.930
215.852	2.926
215.956	2.923
216.061	2.921
216.166	2.919
216.271	2.914
216.377	2.917
216.482	2.918
216.586	2.913
216.691	2.912
216.795	2.912
216.901	2.912
217.005	2.909
217.111	2.906
217.216	2.909
217.321	2.904
217.426	2.897
217.530	2.899
217.636	2.901
217.741	2.896
217.846	2.895
217.950	2.896
218.055	2.892
218.161	2.888
218.266	2.888
218.371	2.887
218.476	2.885
218.582	2.883
218.686	2.881
218.791	2.877
218.895	2.879
219.001	2.876
219.106	2.873
219.211	2.870
219.316	2.874
219.421	2.870
219.526	2.864
219.631	2.863
219.736	2.867
219.840	2.862
219.944	2.861
220.048	2.858
220.153	2.856
220.259	2.854
220.364	2.852
220.468	2.855
220.574	2.854
220.679	2.848
220.784	2.849
220.890	2.844
220.994	2.844
221.099	2.839
221.204	2.843
221.311	2.840
221.417	2.836
221.522	2.834
221.628	2.834
221.733	2.831
221.839	2.831
221.944	2.830
222.048	2.824
222.154	2.824
222.258	2.826
222.363	2.823
222.468	2.818
222.574	2.817
222.678	2.821
222.783	2.812
222.888	2.811
222.994	2.813
223.099	2.810
223.204	2.809
223.307	2.810
223.414	2.805
223.518	2.804
223.623	2.805
223.728	2.800
223.833	2.800
223.939	2.799
224.044	2.795
224.148	2.792
224.253	2.792
224.358	2.790
224.461	2.786
224.565	2.786
224.671	2.784
224.776	2.782
224.881	2.778
224.986	2.781
225.091	2.781
225.196	2.778
225.301	2.772
225.406	2.777
225.511	2.773
225.615	2.768
225.721	2.769
225.825	2.768
225.932	2.767
226.038	2.764
226.143	2.759
226.248	2.762
226.354	2.761
226.460	2.757
226.564	2.751
226.668	2.750
226.774	2.752
226.880	2.752
226.986	2.748
227.091	2.749
227.196	2.747
227.301	2.742
227.405	2.741
227.511	2.741
227.616	2.738
227.721	2.736
227.826	2.734
227.931	2.732
228.035	2.732
228.141	2.727
228.246	2.726
228.351	2.723
228.455	2.721
228.559	2.723
228.664	2.720
228.768	2.719
228.872	2.717
228.977	2.717
229.081	2.715
229.188	2.712
229.293	2.712
229.398	2.706
229.503	2.708
229.608	2.707
229.713	2.703
229.818	2.704
229.923	2.703
230.028	2.698
230.134	2.696
230.239	2.696
230.343	2.691
230.449	2.692
230.555	2.687
230.661	2.690
230.767	2.686
230.872	2.683
230.976	2.682
231.081	2.682
231.186	2.681
231.291	2.680
231.396	2.677
231.501	2.678
231.606	2.674
231.712	2.671
231.816	2.667
231.922	2.668
232.026	2.665
232.131	2.665
232.236	2.663
232.341	2.663
232.446	2.661
232.551	2.658
232.657	2.657
232.760	2.659
232.865	2.654
232.970	2.654
233.073	2.653
233.179	2.653
233.286	2.650
233.391	2.646
233.496	2.644
233.602	2.645
233.708	2.644
233.814	2.642
233.918	2.639
234.024	2.638
234.128	2.637
234.234	2.635
234.340	2.632
234.444	2.631
234.548	2.627
234.653	2.625
234.759	2.625
234.863	2.624
234.969	2.622
235.073	2.622
235.178	2.621
235.283	2.615
235.387	2.614
235.493	2.617
235.599	2.616
235.703	2.612
235.808	2.608
235.914	2.603
236.018	2.608
236.124	2.604
236.229	2.603
236.333	2.600
236.439	2.599
236.543	2.596
236.649	2.593
236.755	2.596
236.861	2.596
236.967	2.593
237.073	2.589
237.177	2.588
237.283	2.586
237.389	2.586
237.494	2.583
237.598	2.583
237.703	2.580
237.808	2.580
237.913	2.576
238.018	2.574
238.123	2.574
238.229	2.572
238.333	2.569
238.438	2.568
238.543	2.570
238.648	2.565
238.754	2.563
238.858	2.562
238.964	2.563
239.068	2.558
239.174	2.557
239.278	2.551
239.384	2.554
239.489	2.549
239.593	2.551
239.698	2.547
239.803	2.548
239.908	2.543
240.013	2.544
240.119	2.537
240.224	2.542
240.328	2.535
240.433	2.535
240.538	2.537
240.643	2.533
240.748	2.532
240.853	2.530
240.958	2.530
241.064	2.527
241.168	2.525
241.273	2.527
241.378	2.521
241.482	2.521
241.586	2.521
241.692	2.519
241.798	2.513
241.904	2.514
242.011	2.513
242.115	2.511
242.221	2.511
242.327	2.509
242.430	2.505
242.535	2.502
242.641	2.502
242.746	2.498
242.851	2.498
242.956	2.497
243.061	2.492
243.165	2.495
243.270	2.490
243.376	2.490
243.481	2.490
243.585	2.488
243.691	2.487
243.795	2.483
243.899	2.482
244.004	2.482
244.108	2.480
244.213	2.479
244.318	2.475
244.424	2.475
244.529	2.473
244.634	2.473
244.738	2.473
244.844	2.468
244.948	2.464
245.054	2.462
245.159	2.463
245.264	2.459
245.369	2.456
245.474	2.460
245.579	2.456
245.685	2.453
245.791	2.454
245.896	2.452
246.001	2.447
246.105	2.445
246.212	2.442
246.316	2.441
246.422	2.439
246.526	2.441
246.631	2.436
246.736	2.435
246.841	2.434
246.946	2.431
247.050	2.431
247.156	2.430
247.261	2.428
247.366	2.425
247.471	2.422
247.576	2.425
247.681	2.423
247.786	2.420
247.891	2.421
247.996	2.418
248.101	2.416
248.205	2.412
248.311	2.410
248.416	2.411
248.521	2.406
248.625	2.406
248.729	2.404
248.836	2.403
248.940	2.401
249.044	2.398
249.149	2.399
249.253	2.396
249.360	2.393
249.463	2.393
249.568	2.392
249.672	2.391
249.776	2.387
249.881	2.385
249.986	2.387
250.092	2.383
250.198	2.381
250.304	2.378
250.409	2.380
250.514	2.376
250.619	2.378
250.724	2.371
250.828	2.373
250.933	2.371
251.038	2.367
251.143	2.368
251.248	2.366
251.353	2.365
251.459	2.361
251.563	2.360
251.668	2.360
251.771	2.359
251.876	2.354
251.981	2.356
252.085	2.355
252.189	2.351
252.294	2.349
252.401	2.347
252.504	2.347
252.609	2.345
252.713	2.344
252.819	2.345
252.924	2.341
253.028	2.338
253.133	2.336
253.238	2.332
253.343	2.334
253.448	2.331
253.553	2.329
253.659	2.329
253.764	2.326
253.868	2.325
253.973	2.327
254.079	2.322
254.184	2.319
254.288	2.319
254.394	2.317
254.499	2.316
254.605	2.311
254.709	2.313
254.813	2.309
254.919	2.309
255.024	2.305
255.131	2.305
255.235	2.303
255.341	2.305
255.445	2.301
255.550	2.301
255.655	2.299
255.761	2.297
255.867	2.293
255.973	2.293
256.078	2.289
256.182	2.290
256.287	2.288
256.391	2.287
256.496	2.285
256.600	2.283
256.705	2.278
256.811	2.281
256.916	2.278
257.021	2.275
257.127	2.271
257.232	2.270
257.336	2.268
257.441	2.269
257.546	2.267
257.651	2.266
257.756	2.263
257.862	2.262
257.969	2.262
258.073	2.260
258.178	2.256
258.283	2.253
258.388	2.252
258.492	2.253
258.598	2.251
258.704	2.253
258.808	2.250
258.912	2.244
259.018	2.246
259.122	2.242
259.228	2.242
259.333	2.237
259.438	2.237
259.544	2.235
259.649	2.237
259.753	2.232
259.859	2.232
259.964	2.229
260.068	2.226
260.173	2.226
260.278	2.224
260.383	2.221
260.489	2.223
260.594	2.222
260.699	2.217
260.806	2.217
260.911	2.214
261.017	2.212
261.121	2.213
261.226	2.210
261.331	2.211
261.436	2.206
261.542	2.206
261.646	2.201
261.751	2.201
261.856	2.202
261.961	2.199
262.066	2.198
262.171	2.194
262.275	2.194
262.380	2.189
262.485	2.190
262.591	2.189
262.696	2.183
262.802	2.182
262.907	2.183
263.012	2.181
263.117	2.181
263.220	2.179
263.326	2.176
263.431	2.174
263.534	2.175
263.639	2.172
263.743	2.170
263.848	2.166
263.953	2.165
264.058	2.163
264.163	2.164
264.268	2.162
264.374	2.160
264.479	2.158
264.585	2.157
264.690	2.155
264.796	2.157
264.901	2.153
265.007	2.150
265.113	2.149
265.218	2.147
265.324	2.147
265.429	2.141
265.533	2.138
265.638	2.137
265.743	2.137
265.848	2.136
265.954	2.136
266.058	2.134
266.163	2.131
266.269	2.131
266.373	2.129
266.477	2.127
266.583	2.127
266.688	2.123
266.793	2.123
266.898	2.119
267.002	2.118
267.107	2.116
267.212	2.118
267.318	2.113
267.422	2.114
267.527	2.108
267.631	2.111
267.736	2.107
267.841	2.107
267.947	2.104
268.051	2.102
268.155	2.101
268.260	2.100
268.365	2.096
268.471	2.096
268.577	2.092
268.683	2.091
268.788	2.093
268.894	2.092
268.998	2.086
269.104	2.087
269.209	2.083
269.314	2.084
269.419	2.079
269.524	2.080
269.629	2.076
269.733	2.077
269.838	2.079
269.944	2.073
270.048	2.072
270.153	2.069
270.259	2.069
270.363	2.070
270.469	2.066
270.575	2.064
270.681	2.062
270.786	2.062
270.891	2.062
270.996	2.061
271.101	2.056
271.206	2.052
271.311	2.051
271.417	2.050
271.522	2.048
271.627	2.045
271.732	2.046
271.836	2.044
271.941	2.041
272.046	2.039
272.151	2.038
272.256	2.040
272.361	2.033
272.466	2.034
272.571	2.034
272.675	2.031
272.781	2.031
272.886	2.029
272.991	2.026
273.096	2.026
273.201	2.022
273.306	2.019
273.413	2.018
273.518	2.019
273.623	2.018
273.728	2.014
273.833	2.012
273.938	2.014
274.043	2.012
274.148	2.006
274.252	2.007
274.357	2.006
274.461	2.004
274.565	2.005
274.670	2.000
274.776	1.996
274.881	2.000
274.985	1.994
275.089	1.994
275.194	1.992
275.299	1.993
275.404	1.991
275.508	1.990
275.613	1.985
275.718	1.986
275.823	1.982
275.928	1.984
276.033	1.980
276.139	1.979
276.244	1.976
276.349	1.971
276.454	1.971
276.560	1.974
276.665	1.967
276.771	1.969
276.876	1.966
276.981	1.970
277.086	1.963
277.191	1.964
277.296	1.960
277.401	1.961
277.506	1.958
277.610	1.957
277.716	1.954
277.821	1.953
277.926	1.952
278.031	1.949
278.136	1.946
278.241	1.945
278.346	1.946
278.450	1.944
278.555	1.940
278.661	1.942
278.766	1.938
278.871	1.939
278.975	1.932
279.080	1.932
279.186	1.928
279.290	1.929
279.396	1.930
279.501	1.926
279.606	1.926
279.712	1.921
279.818	1.921
279.924	1.920
280.029	1.919
280.134	1.920
280.239	1.915
280.345	1.914
280.452	1.910
280.556	1.911
280.661	1.904
280.766	1.907
280.870	1.909
280.974	1.905
281.079	1.902
281.184	1.901
281.289	1.899
281.394	1.895
281.498	1.897
281.603	1.894
281.708	1.893
281.813	1.892
281.918	1.887
282.024	1.887
282.128	1.888
282.233	1.886
282.338	1.884
282.443	1.886
282.549	1.883
282.653	1.878
282.758	1.876
282.864	1.878
282.969	1.873
283.074	1.868
283.178	1.871
283.283	1.866
283.388	1.866
283.493	1.867
283.598	1.865
283.704	1.864
283.809	1.860
283.914	1.860
284.018	1.858
284.122	1.855
284.226	1.854
284.331	1.852
284.436	1.849
284.541	1.849
284.646	1.848
284.751	1.849
284.856	1.845
284.960	1.847
285.066	1.840
285.171	1.840
285.277	1.839
285.380	1.837
285.486	1.835
285.590	1.833
285.695	1.833
285.799	1.828
285.903	1.828
286.008	1.828
286.113	1.825
286.218	1.824
286.323	1.822
286.429	1.822
286.534	1.819
286.638	1.815
286.742	1.815
286.847	1.815
286.953	1.816
287.059	1.810
287.163	1.808
287.269	1.808
287.374	1.809
287.478	1.805
287.584	1.801
287.688	1.801
287.792	1.800
287.898	1.796
288.002	1.797
288.106	1.792
288.211	1.794
288.318	1.793
288.424	1.789
288.529	1.789
288.633	1.785
288.738	1.786
288.844	1.787
288.948	1.780
289.052	1.779
289.157	1.779
289.262	1.778
289.366	1.775
289.471	1.772
289.576	1.773
289.681	1.770
289.786	1.770
289.891	1.769
289.995	1.766
290.101	1.766
290.205	1.764
290.309	1.761
290.413	1.763
290.518	1.760
290.623	1.758
290.729	1.754
290.834	1.751
290.939	1.750
291.043	1.749
291.148	1.745
291.253	1.747
291.359	1.744
291.464	1.745
291.569	1.741
291.673	1.741
291.779	1.738
291.883	1.737
291.988	1.737
292.093	1.731
292.198	1.732
292.302	1.729
292.408	1.731
292.514	1.727
292.620	1.724
292.725	1.725
292.830	1.723
292.936	1.721
293.041	1.720
293.146	1.719
293.251	1.715
293.355	1.714
293.460	1.709
293.566	1.709
293.671	1.707
293.776	1.707
293.881	1.702
293.986	1.702
294.091	1.702
294.197	1.700
294.301	1.696
294.406	1.697
294.511	1.694
294.616	1.693
294.721	1.694
294.826	1.690
294.931	1.687
295.037	1.686
295.141	1.683
295.246	1.684
295.351	1.679
295.456	1.684
295.561	1.680
295.666	1.677
295.771	1.677
295.876	1.676
295.980	1.672
296.086	1.671
296.191	1.668
296.295	1.668
296.399	1.668
296.502	1.666
296.608	1.664
296.713	1.662
296.818	1.659
296.923	1.659
297.029	1.654
297.133	1.655
297.238	1.652
297.343	1.653
297.448	1.646
297.552	1.646
297.656	1.647
297.762	1.647
297.866	1.644
297.971	1.643
298.075	1.641
298.181	1.637
298.286	1.639
298.391	1.636
298.496	1.634
298.601	1.635
298.706	1.631
298.810	1.629
298.915	1.629
299.019	1.627
299.123	1.626
299.228	1.625
299.333	1.622
299.438	1.622
299.543	1.619
299.649	1.620
299.753	1.615
299.859	1.614
299.965	1.613
300.069	1.613
300.174	1.614
300.278	1.607
300.384	1.605
300.488	1.604
300.594	1.604
300.699	1.601
300.805	1.601
300.909	1.597
301.015	1.600
301.121	1.596
301.227	1.594
301.332	1.592
301.437	1.593
301.541	1.588
301.646	1.588
301.751	1.590
301.857	1.585
301.961	1.585
302.067	1.580
302.171	1.579
302.276	1.578
302.381	1.575
302.485	1.577
302.591	1.573
302.696	1.573
302.801	1.570
302.905	1.567
303.010	1.567
303.115	1.566
303.220	1.565
303.324	1.563
303.428	1.563
303.532	1.560
303.638	1.558
303.743	1.558
303.847	1.554
303.952	1.555
304.057	1.551
304.163	1.547
304.267	1.549
304.372	1.545
304.478	1.546
304.583	1.544
304.687	1.542
304.792	1.541
304.897	1.540
305.001	1.538
305.106	1.533
305.210	1.531
305.316	1.534
305.421	1.533
305.526	1.530
305.631	1.527
305.735	1.528
305.841	1.525
305.946	1.522
306.051	1.523
306.157	1.519
306.261	1.518
306.366	1.518
306.470	1.517
306.576	1.511
306.681	1.512
306.787	1.511
306.892	1.510
306.996	1.509
307.101	1.506
307.206	1.504
307.310	1.501
307.417	1.502
307.521	1.497
307.625	1.495
307.729	1.495
307.833	1.496
307.939	1.495
308.043	1.495
308.149	1.489
308.254	1.489
308.359	1.491
308.464	1.486
308.569	1.484
308.674	1.484
308.779	1.483
308.884	1.480
308.990	1.480
309.096	1.476
309.202	1.476
309.305	1.472
309.411	1.472
309.515	1.473
309.621	1.468
309.726	1.467
309.831	1.463
309.936	1.460
310.041	1.461
310.145	1.459
310.251	1.457
310.355	1.461
310.461	1.459
310.565	1.454
310.670	1.449
310.776	1.450
310.881	1.450
310.986	1.447
311.091	1.445
311.197	1.443
311.303	1.442
311.407	1.439
311.511	1.436
311.616	1.434
311.721	1.434
311.825	1.431
311.930	1.433
312.036	1.432
312.141	1.429
312.245	1.429
312.349	1.425
312.454	1.425
312.559	1.424
312.663	1.421
312.768	1.426
312.873	1.418
312.978	1.415
313.083	1.417
313.189	1.413
313.294	1.410
313.398	1.407
313.504	1.408
313.609	1.406
313.713	1.402
313.818	1.403
313.923	1.402
314.029	1.401
314.135	1.400
314.240	1.399
314.344	1.397
314.451	1.396
314.556	1.395
314.661	1.391
314.767	1.391
314.871	1.390
314.976	1.390
315.081	1.387
315.185	1.385
315.291	1.382
315.396	1.380
315.501	1.379
315.607	1.380
315.711	1.378
315.816	1.375
315.921	1.373
316.026	1.369
316.130	1.368
316.235	1.366
316.341	1.366
316.446	1.365
316.553	1.366
316.658	1.363
316.763	1.360
316.868	1.360
316.974	1.357
317.078	1.356
317.183	1.357
317.288	1.354
317.392	1.354
317.498	1.349
317.603	1.346
317.707	1.346
317.812	1.347
317.916	1.344
318.021	1.340
318.126	1.341
318.231	1.339
318.337	1.335
318.441	1.335
318.547	1.333
318.653	1.333
318.758	1.331
318.863	1.331
318.968	1.328
319.073	1.326
319.178	1.325
319.282	1.325
319.387	1.323
319.492	1.323
319.597	1.319
319.703	1.319
319.808	1.313
319.915	1.315
320.021	1.311
320.125	1.312
320.231	1.309
320.336	1.308
320.440	1.308
320.546	1.303
320.651	1.305
320.757	1.302
320.863	1.302
320.968	1.298
321.073	1.293
321.178	1.297
321.284	1.293
321.389	1.293
321.494	1.291
321.598	1.286
321.703	1.289
321.808	1.285
321.913	1.282
322.018	1.283
322.122	1.281
322.226	1.278
322.330	1.276
322.436	1.278
322.541	1.276
322.647	1.275
322.751	1.274
322.856	1.269
322.961	1.270
323.065	1.270
323.171	1.264
323.275	1.263
323.381	1.259
323.485	1.261
323.591	1.259
323.696	1.260
323.801	1.254
323.907	1.255
324.011	1.253
324.117	1.250
324.222	1.251
324.326	1.247
324.431	1.248
324.536	1.244
324.641	1.246
324.746	1.244
324.851	1.239
324.956	1.239
325.061	1.237
325.166	1.233
325.271	1.236
325.376	1.234
325.481	1.232
325.586	1.232
325.691	1.227
325.797	1.229
325.903	1.224
326.008	1.224
326.114	1.223
326.219	1.220
326.324	1.219
326.428	1.218
326.534	1.219
326.639	1.216
326.743	1.213
326.847	1.213
326.952	1.208
327.057	1.209
327.162	1.206
327.267	1.208
327.371	1.202
327.475	1.202
327.581	1.199
327.686	1.200
327.790	1.196
327.895	1.196
328.001	1.194
328.106	1.195
328.211	1.191
328.316	1.190
328.421	1.191
328.525	1.186
328.631	1.180
328.737	1.181
328.843	1.179
328.948	1.183
329.054	1.178
329.159	1.178
329.264	1.174
329.368	1.172
329.474	1.171
329.579	1.169
329.683	1.169
329.788	1.166
329.893	1.166
329.999	1.164
330.104	1.163
330.209	1.162
330.314	1.161
330.418	1.161
330.524	1.153
330.629	1.155
330.734	1.152
330.838	1.153
330.943	1.150
331.048	1.151
331.152	1.150
331.256	1.149
331.361	1.145
331.466	1.141
331.571	1.140
331.675	1.139
331.781	1.137
331.886	1.137
331.990	1.135
332.095	1.132
332.201	1.130
332.305	1.130
332.409	1.127
332.514	1.125
332.621	1.125
332.726	1.121
332.831	1.119
332.936	1.118
333.041	1.116
333.147	1.117
333.251	1.115
333.355	1.113
333.461	1.114
333.566	1.111
333.671	1.110
333.776	1.107
333.882	1.108
333.988	1.107
334.094	1.104
334.199	1.104
334.304	1.100
334.408	1.098
334.514	1.097
334.619	1.092
334.723	1.091
334.827	1.091
334.933	1.090
335.037	1.092
335.142	1.087
335.247	1.088
335.352	1.085
335.456	1.081
335.561	1.081
335.666	1.079
335.771	1.078
335.875	1.078
335.980	1.075
336.086	1.071
336.191	1.072
336.297	1.067
336.403	1.067
336.508	1.065
336.614	1.061
336.718	1.063
336.823	1.061
336.928	1.059
337.033	1.058
337.139	1.058
337.244	1.055
337.349	1.054
337.454	1.056
337.558	1.052
337.663	1.048
337.767	1.050
337.873	1.046
337.979	1.046
338.082	1.044
338.187	1.044
338.291	1.043
338.397	1.040
338.500	1.038
338.606	1.039
338.711	1.037
338.816	1.032
338.921	1.031
339.026	1.031
339.131	1.030
339.236	1.030
339.341	1.024
339.447	1.027
339.553	1.024
339.658	1.020
339.763	1.019
339.868	1.018
339.974	1.020
340.079	1.017
340.184	1.015
340.288	1.014
340.393	1.012
340.497	1.011
340.601	1.009
340.706	1.009
340.812	1.007
340.919	1.005
341.023	1.001
341.129	1.001
341.235	1.003
341.341	0.998
341.445	0.997
341.551	0.996
341.655	0.995
341.760	0.993
341.865	0.993
341.969	0.990
342.074	0.988
342.178	0.988
342.283	0.986
342.388	0.988
342.494	0.984
342.599	0.984
342.704	0.982
342.809	0.979
342.914	0.978
343.019	0.977
343.123	0.974
343.227	0.975
343.331	0.975
343.436	0.971
343.541	0.968
343.646	0.968
343.750	0.964
343.856	0.966
343.961	0.964
344.066	0.964
344.171	0.961
344.276	0.965
344.380	0.957
344.486	0.957
344.591	0.954
344.695	0.955
344.801	0.956
344.905	0.953
345.011	0.950
345.116	0.950
345.221	0.951
345.326	0.943
345.430	0.944
345.535	0.946
345.641	0.943
345.747	0.941
345.852	0.941
345.956	0.939
346.061	0.934
346.166	0.934
346.271	0.932
346.376	0.929
346.481	0.936
346.585	0.932
346.690	0.931
346.796	0.929
346.901	0.927
347.006	0.923
347.111	0.924
347.216	0.923
347.321	0.921
347.426	0.919
347.531	0.921
347.636	0.917
347.741	0.915
347.846	0.915
347.951	0.912
348.056	0.907
348.161	0.910
348.266	0.909
348.371	0.911
348.476	0.909
348.580	0.905
348.686	0.903
348.791	0.902
348.896	0.901
349.000	0.899
349.105	0.896
349.210	0.901
349.315	0.898
349.419	0.896
349.525	0.893
349.628	0.890
349.734	0.892
349.839	0.890
349.944	0.886
350.050	0.887
350.154	0.889
350.259	0.884
350.364	0.879
350.469	0.876
350.574	0.878
350.679	0.877
350.783	0.874
350.889	0.877
350.993	0.876
351.098	0.870
351.203	0.872
351.309	0.866
351.414	0.869
351.519	0.868
351.624	0.863
351.729	0.867
351.835	0.865
351.939	0.862
352.045	0.858
352.150	0.857
352.256	0.855
352.360	0.857
352.465	0.856
352.570	0.854
352.674	0.852
352.779	0.854
352.884	0.847
352.989	0.856
353.093	0.844
353.199	0.844
353.304	0.848
353.408	0.849
353.513	0.840
353.618	0.845
353.724	0.841
353.828	0.839
353.933	0.834
354.038	0.834
354.144	0.831
354.249	0.835
354.355	0.837
354.461	0.833
354.567	0.829
354.671	0.833
354.775	0.825
354.880	0.820
354.987	0.827
355.091	0.825
355.195	0.819
355.301	0.825
355.407	0.821
355.513	0.816
355.619	0.817
355.724	0.818
355.829	0.814
355.934	0.810
356.039	0.817
356.143	0.815
356.248	0.809
356.353	0.815
356.459	0.810
356.564	0.800
356.669	0.807
356.773	0.807
356.880	0.801
356.984	0.801
357.089	0.804
357.194	0.803
357.299	0.798
357.404	0.798
357.508	0.792
357.614	0.794
357.719	0.792
357.823	0.794
357.929	0.786
358.034	0.792
358.139	0.790
358.244	0.787
358.348	0.785
358.453	0.789
358.557	0.783
358.662	0.778
358.766	0.781
358.871	0.782
358.976	0.781
359.080	0.779
359.186	0.776
359.291	0.772
359.397	0.772
359.502	0.773
359.607	0.771
359.713	0.769
359.819	0.772
359.924	0.769
360.028	0.767
360.133	0.767
360.238	0.761
360.343	0.763
360.448	0.756
360.552	0.760
360.656	0.760
360.761	0.759
360.865	0.759
360.969	0.760
361.074	0.756
361.180	0.756
361.284	0.754
361.390	0.749
361.494	0.744
361.599	0.754
361.703	0.746
361.808	0.746
361.913	0.747
362.018	0.747
362.124	0.741
362.229	0.742
362.334	0.739
362.439	0.740
362.544	0.739
362.649	0.737
362.754	0.738
362.859	0.738
362.963	0.738
363.068	0.733
363.174	0.730
363.279	0.730
363.384	0.729
363.490	0.730
363.595	0.729
363.699	0.729
363.804	0.726
363.909	0.724
364.014	0.723
364.119	0.720
364.224	0.720
364.329	0.719
364.435	0.719
364.540	0.720
364.645	0.715
364.749	0.716
364.854	0.716
364.959	0.712
365.064	0.712
365.169	0.708
365.274	0.709
365.379	0.705
365.485	0.705
365.591	0.708
365.695	0.709
365.801	0.704
365.905	0.705
366.011	0.703
366.117	0.697
366.223	0.702
366.328	0.697
366.433	0.697
366.538	0.695
366.643	0.696
366.748	0.693
366.854	0.695
366.959	0.691
367.063	0.689
367.169	0.690
367.274	0.687
367.379	0.688
367.484	0.684
367.588	0.687
367.692	0.683
367.798	0.680
367.904	0.680
368.009	0.682
368.113	0.678
368.219	0.678
368.324	0.680
368.430	0.678
368.534	0.671
368.639	0.673
368.744	0.674
368.850	0.672
368.955	0.670
369.061	0.675
369.165	0.668
369.271	0.665
369.377	0.667
369.483	0.666
369.587	0.660
369.693	0.664
369.797	0.663
369.901	0.663
370.007	0.660
370.113	0.661
370.216	0.660
370.322	0.658
370.427	0.656
370.532	0.653
370.636	0.656
370.742	0.651
370.846	0.656
370.951	0.651
371.056	0.653
371.163	0.649
371.267	0.648
371.371	0.647
371.476	0.643
371.582	0.645
371.687	0.645
371.792	0.640
371.898	0.641
372.004	0.644
372.110	0.638
372.215	0.634
372.321	0.638
372.426	0.637
372.530	0.632
372.634	0.634
372.740	0.632
372.845	0.632
372.949	0.627
373.054	0.627
373.158	0.630
373.262	0.628
373.368	0.627
373.474	0.624
373.578	0.624
373.684	0.622
373.789	0.618
373.893	0.622
373.999	0.620
374.104	0.617
374.210	0.616
374.314	0.617
374.421	0.617
374.525	0.611
374.630	0.612
374.735	0.611
374.841	0.608
374.948	0.609
375.053	0.607
375.159	0.609
375.264	0.603
375.369	0.605
375.475	0.604
375.581	0.602
375.687	0.598
375.792	0.599
375.897	0.598
376.001	0.597
376.106	0.597
376.212	0.597
376.317	0.595
376.422	0.589
376.527	0.591
376.631	0.590
376.736	0.591
376.841	0.589
376.946	0.587
377.051	0.588
377.156	0.587
377.261	0.583
377.365	0.585
377.470	0.580
377.574	0.581
377.679	0.581
377.783	0.583
377.889	0.578
377.994	0.576
378.100	0.578
378.204	0.574
378.308	0.574
378.414	0.572
378.518	0.573
378.623	0.571
378.727	0.568
378.831	0.570
378.935	0.563
379.040	0.565
379.144	0.566
379.249	0.564
379.353	0.562
379.458	0.565
379.564	0.560
379.669	0.559
379.774	0.560
379.879	0.559
379.984	0.556
380.090	0.558
380.194	0.558
380.299	0.552
380.405	0.552
380.508	0.549
380.614	0.552
380.718	0.549
380.824	0.550
380.928	0.549
381.033	0.544
381.139	0.546
381.243	0.543
381.349	0.542
381.454	0.541
381.559	0.540
381.664	0.538
381.768	0.540
381.874	0.538
381.980	0.537
382.085	0.536
382.190	0.535
382.295	0.536
382.401	0.531
382.505	0.530
382.611	0.532
382.716	0.532
382.821	0.525
382.926	0.528
383.031	0.524
383.136	0.526
383.241	0.526
383.346	0.520
383.451	0.522
383.557	0.520
383.661	0.519
383.767	0.519
383.873	0.518
383.977	0.516
384.081	0.515
384.186	0.514
384.292	0.510
384.398	0.511
384.502	0.513
384.607	0.511
384.712	0.509
384.817	0.508
384.921	0.508
385.026	0.505
385.130	0.503
385.234	0.506
385.339	0.503
385.444	0.501
385.549	0.504
385.655	0.501
385.761	0.500
385.866	0.499
385.971	0.501
386.075	0.495
386.179	0.498
386.284	0.493
386.389	0.494
386.495	0.494
386.599	0.491
386.705	0.488
386.810	0.491
386.915	0.490
387.022	0.488
387.127	0.489
387.233	0.480
387.337	0.486
387.443	0.485
387.547	0.483
387.652	0.482
387.756	0.483
387.862	0.477
387.967	0.478
388.072	0.477
388.177	0.476
388.283	0.473
388.389	0.474
388.493	0.471
388.599	0.473
388.704	0.470
388.808	0.470
388.913	0.469
389.018	0.469
389.123	0.464
389.229	0.468
389.333	0.464
389.439	0.466
389.544	0.462
389.650	0.461
389.755	0.462
389.861	0.455
389.966	0.458
390.071	0.457
390.175	0.457
390.279	0.454
390.385	0.454
390.490	0.455
390.594	0.454
390.698	0.452
390.802	0.450
390.906	0.450
391.011	0.449
391.116	0.447
391.222	0.446
391.325	0.446
391.431	0.442
391.536	0.445
391.641	0.441
391.746	0.439
391.850	0.440
391.955	0.440
392.059	0.438
392.163	0.437
392.267	0.438
392.371	0.437
392.476	0.436
392.580	0.434
392.685	0.430
392.790	0.431
392.896	0.431
393.001	0.429
393.106	0.429
393.211	0.429
393.315	0.428
393.419	0.424
393.523	0.426
393.629	0.421
393.733	0.420
393.838	0.421
393.942	0.419
394.047	0.419
394.153	0.418
394.260	0.417
394.365	0.416
394.470	0.416
394.574	0.417
394.679	0.414
394.786	0.412
394.890	0.410
394.995	0.411
395.100	0.409
395.206	0.412
395.311	0.410
395.416	0.407
395.521	0.404
395.625	0.406
395.730	0.401
395.835	0.405
395.941	0.403
396.046	0.397
396.150	0.400
396.255	0.400
396.361	0.397
396.466	0.396
396.571	0.393
396.677	0.397
396.781	0.391
396.887	0.391
396.992	0.388
397.097	0.391
397.201	0.388
397.306	0.390
397.412	0.382
397.515	0.382
397.620	0.385
397.725	0.383
397.830	0.380
397.935	0.376
398.041	0.378
398.147	0.372
398.252	0.373
398.357	0.369
398.462	0.372
398.567	0.368
398.672	0.365
398.777	0.364
398.881	0.363
398.986	0.361
399.092	0.359
399.197	0.357
399.303	0.355
399.408	0.358
399.513	0.357
399.618	0.350
399.723	0.349
399.828	0.349
399.932	0.348
400.037	0.342
400.142	0.342
400.247	0.342
400.353	0.340
400.458	0.342
400.564	0.336
400.669	0.339
400.774	0.333
400.878	0.335
400.984	0.330
401.089	0.332
401.194	0.329
401.298	0.327
401.404	0.328
401.509	0.327
401.614	0.322
401.718	0.321
401.822	0.321
401.928	0.318
402.034	0.318
402.140	0.315
402.244	0.317
402.349	0.315
402.453	0.313
402.559	0.309
402.664	0.310
402.768	0.306
402.873	0.304
402.979	0.301
403.084	0.300
403.189	0.301
403.294	0.301
403.400	0.296
403.504	0.296
403.609	0.292
403.714	0.292
403.819	0.292
403.924	0.288
404.029	0.290
404.134	0.288
404.239	0.284
404.344	0.283
404.448	0.284
404.554	0.281
404.658	0.281
404.764	0.281
404.868	0.274
404.973	0.275
405.078	0.274
405.183	0.269
405.287	0.268
405.391	0.271
405.495	0.268
405.599	0.266
405.704	0.265
405.811	0.266
405.916	0.263
406.020	0.260
406.126	0.258
406.231	0.257
406.336	0.256
406.441	0.256
406.547	0.251
406.652	0.251
406.757	0.252
406.863	0.251
406.968	0.248
407.073	0.245
407.178	0.242
407.282	0.243
407.386	0.241
407.490	0.240
407.596	0.237
407.701	0.234
407.807	0.232
407.910	0.236
408.016	0.233
408.120	0.228
408.227	0.230
408.332	0.225
408.436	0.225
408.541	0.226
408.645	0.222
408.750	0.220
408.854	0.222
408.959	0.218
409.066	0.217
409.171	0.217
409.276	0.216
409.380	0.218
409.485	0.212
409.591	0.214
409.696	0.213
409.801	0.211
409.907	0.208
410.011	0.209
410.115	0.205
410.221	0.206
410.326	0.208
410.431	0.202
410.537	0.202
410.643	0.204
410.747	0.199
410.851	0.202
410.955	0.200
411.060	0.200
411.165	0.199
411.269	0.196
411.374	0.200
411.479	0.194
411.584	0.194
411.689	0.193
411.795	0.193
411.899	0.193
412.005	0.190
412.111	0.191
412.216	0.189
412.321	0.189
412.426	0.188
412.531	0.186
412.635	0.184
412.741	0.187
412.846	0.182
412.951	0.186
413.055	0.182
413.161	0.181
413.265	0.179
413.370	0.179
413.475	0.178
413.581	0.179
413.685	0.179
413.790	0.176
413.893	0.174
413.999	0.175
414.103	0.173
414.208	0.173
414.313	0.174
414.418	0.174
414.523	0.172
414.629	0.170
414.734	0.168
414.839	0.170
414.944	0.170
415.048	0.169
415.154	0.168
415.259	0.166
415.363	0.170
415.468	0.165
415.574	0.167
415.679	0.167
415.783	0.166
415.888	0.165
415.992	0.163
416.096	0.166
416.201	0.165
416.306	0.163
416.411	0.161
416.517	0.162
416.621	0.159
416.726	0.160
416.831	0.161
416.935	0.160
417.041	0.162
417.145	0.162
417.251	0.155
417.356	0.157
417.462	0.157
417.566	0.158
417.671	0.154
417.776	0.156
417.881	0.157
417.986	0.155
418.092	0.156
418.196	0.153
418.301	0.154
418.406	0.153
418.510	0.152
418.615	0.154
418.721	0.153
418.825	0.152
418.931	0.148
419.035	0.151
419.140	0.153
419.244	0.150
419.349	0.154
419.454	0.149
419.558	0.150
419.664	0.149
419.769	0.147
419.874	0.149
419.980	0.146
420.084	0.148
420.188	0.145
420.295	0.149
420.399	0.144
420.503	0.147
420.610	0.147
420.716	0.148
420.821	0.146
420.925	0.145
421.030	0.144
421.135	0.145
421.241	0.146
421.346	0.144
421.451	0.143
421.555	0.143
421.660	0.144
421.766	0.143
421.871	0.142
421.975	0.142
422.079	0.145
422.184	0.140
422.290	0.141
422.394	0.145
422.499	0.141
422.604	0.141
422.709	0.142
422.814	0.144
422.919	0.143
423.024	0.143
423.128	0.139
423.232	0.142
423.337	0.139
423.441	0.141
