Time (sec)	Outer Temperature (C) 	Center Temperature (C)	Stirrer Speed  (rpm)	
6.88	20.50	20.64	3.51
7.87	20.51	20.64	3.51
8.86	20.47	20.62	3.51
9.84	20.50	20.63	3.51
10.84	20.48	20.60	3.51
11.84	20.51	20.63	3.51
12.84	20.47	20.58	3.51
13.83	20.47	20.61	3.51
14.83	20.48	20.57	1.98
15.82	20.48	20.58	3.51
16.81	20.50	20.60	3.51
17.81	20.49	20.59	3.51
18.81	20.49	20.58	3.51
19.81	20.49	20.58	3.51
20.80	20.48	20.58	3.51
21.79	20.47	20.57	3.51
22.78	20.49	20.61	3.51
23.78	20.50	20.57	3.51
24.78	20.46	20.56	3.51
25.78	20.48	20.56	3.51
26.76	20.47	20.54	3.51
27.75	20.48	20.56	3.51
34.01	20.49	20.55	3.51
35.00	20.48	20.56	3.51
36.00	20.47	20.57	3.51
36.99	20.45	20.54	1.98
37.98	20.49	20.58	3.51
38.98	20.46	20.56	3.51
39.98	20.45	20.56	3.51
40.98	20.45	20.50	3.51
41.98	20.47	20.54	3.51
42.98	20.50	20.58	1.98
43.98	20.48	20.54	3.51
44.97	20.46	20.53	1.98
45.96	20.44	20.51	3.51
46.95	20.45	20.52	3.51
47.95	20.45	20.52	1.98
48.94	20.45	20.51	3.51
49.94	20.44	20.53	1.98
50.94	20.46	20.51	1.98
51.94	20.41	20.48	3.51
52.94	20.46	20.50	3.51
53.94	20.45	20.53	3.51
54.94	20.44	20.49	3.51
55.92	20.45	20.48	3.51
56.91	20.45	20.51	1.98
57.91	20.47	20.53	3.51
58.90	20.44	20.48	3.51
59.89	20.41	20.47	3.51
60.87	20.44	20.49	3.51
61.86	20.43	20.50	3.51
62.86	20.42	20.49	3.51
63.84	20.44	20.49	3.51
64.84	20.44	20.49	3.51
65.84	20.44	20.48	3.51
66.83	20.44	20.49	3.51
67.81	20.45	20.50	3.51
68.81	20.44	20.49	3.51
69.79	20.46	20.50	3.51
70.78	20.43	20.49	3.51
71.78	20.41	20.48	3.51
72.78	20.45	20.49	1.98
73.78	20.42	20.47	3.51
74.78	20.44	20.49	3.51
75.77	20.44	20.48	3.51
76.77	20.43	20.45	3.51
77.77	20.45	20.51	3.51
78.77	20.43	20.45	3.51
79.77	20.44	20.48	3.51
80.76	20.40	20.43	3.51
81.76	20.45	20.48	3.51
82.75	20.46	20.47	3.51
83.75	20.46	20.46	1.98
84.75	20.45	20.49	3.51
85.74	20.46	20.47	3.51
86.74	20.43	20.46	1.98
87.73	20.43	20.44	3.51
88.72	20.43	20.45	3.51
89.70	20.46	20.48	3.51
90.69	20.45	20.46	1.98
91.69	20.49	20.47	3.51
92.69	20.42	20.45	3.51
93.69	20.40	20.45	3.51
94.69	20.42	20.45	3.51
95.69	20.43	20.43	3.51
96.69	20.43	20.45	3.51
97.68	20.46	20.45	3.51
98.67	20.42	20.46	3.51
99.67	20.44	20.44	3.51
100.67	20.44	20.45	3.51
101.66	20.43	20.46	3.51
102.66	20.45	20.45	1.98
103.66	20.44	20.45	1.98
104.66	20.44	20.43	3.51
105.66	20.46	20.44	3.51
106.64	20.45	20.46	3.51
107.62	20.45	20.44	1.98
108.61	20.42	20.43	3.51
109.61	20.44	20.42	3.51
110.61	20.46	20.48	3.51
111.59	20.43	20.45	3.51
112.59	20.43	20.47	3.51
113.59	20.43	20.43	3.51
114.58	20.46	20.43	3.51
115.58	20.51	20.46	3.51
116.58	20.46	20.44	3.51
117.58	20.45	20.43	3.51
118.58	20.46	20.42	3.51
119.58	20.45	20.40	3.51
120.58	20.45	20.40	3.51
121.58	20.47	20.42	3.51
122.57	20.42	20.41	3.51
123.56	20.44	20.39	17.26
124.56	20.47	20.41	58.52
125.54	20.46	20.45	104.36
126.53	20.45	20.41	133.39
127.52	20.43	20.39	157.84
128.51	20.44	20.40	185.35
129.50	20.47	20.43	199.10
130.50	20.42	20.40	206.74
131.50	20.47	20.41	212.85
132.50	20.47	20.43	222.02
133.50	20.46	20.41	222.02
134.50	20.48	20.45	229.66
135.50	20.45	20.41	229.66
136.50	20.48	20.42	229.66
137.50	20.47	20.43	229.66
138.50	20.49	20.46	229.66
139.50	20.47	20.45	229.66
140.50	20.46	20.45	229.66
141.50	20.50	20.46	229.66
142.50	20.51	20.48	229.66
143.50	20.53	20.50	247.99
144.50	20.54	20.50	251.05
145.50	20.53	20.49	249.52
146.50	20.52	20.47	249.52
147.50	20.52	20.49	251.05
148.50	20.54	20.49	249.52
149.50	20.53	20.48	249.52
150.50	20.53	20.46	249.52
151.50	20.52	20.49	251.05
152.50	20.55	20.51	249.52
153.50	20.53	20.48	249.52
154.50	20.52	20.48	251.05
155.50	20.52	20.49	251.05
156.50	20.51	20.49	251.05
157.50	20.53	20.49	251.05
158.50	20.54	20.50	251.05
159.50	20.55	20.52	249.52
160.50	20.53	20.51	249.52
161.50	20.52	20.52	249.52
162.50	20.52	20.53	241.88
163.50	20.50	20.50	249.52
164.50	20.52	20.51	249.52
165.50	20.51	20.50	249.52
166.50	20.52	20.52	251.05
167.50	20.51	20.50	249.52
168.50	20.51	20.52	249.52
169.50	20.54	20.53	249.52
170.50	20.49	20.49	249.52
171.50	20.52	20.52	249.52
172.50	20.53	20.53	249.52
173.50	20.53	20.52	249.52
174.50	20.56	20.57	249.52
175.50	20.49	20.50	249.52
176.50	20.51	20.48	249.52
177.50	20.51	20.51	251.05
178.50	20.53	20.53	251.05
179.50	20.50	20.51	249.52
180.50	20.50	20.52	249.52
181.50	20.54	20.54	251.05
182.50	20.54	20.55	249.52
183.50	20.54	20.54	249.52
184.50	20.51	20.52	249.52
185.50	20.51	20.51	251.05
186.50	20.53	20.54	249.52
187.50	20.53	20.55	247.99
188.50	20.54	20.55	251.05
189.50	20.53	20.54	249.52
190.50	20.56	20.55	251.05
191.50	20.53	20.55	249.52
192.50	20.52	20.53	251.05
193.50	20.51	20.53	251.05
194.50	20.54	20.54	249.52
195.50	20.55	20.57	249.52
196.50	20.53	20.56	249.52
197.50	20.50	20.53	249.52
198.50	20.52	20.53	249.52
199.50	20.55	20.54	251.05
200.50	20.55	20.55	249.52
201.50	20.54	20.55	251.05
202.50	20.53	20.54	249.52
203.50	20.50	20.52	251.05
204.50	20.53	20.55	251.05
205.50	20.54	20.56	249.52
206.50	20.53	20.61	249.52
207.50	20.53	20.62	249.52
208.50	20.54	20.67	251.05
209.50	20.54	20.68	249.52
210.50	20.56	20.70	249.52
211.50	20.56	20.68	249.52
212.50	20.56	20.67	249.52
213.50	20.59	20.70	246.47
214.50	20.58	20.71	251.05
215.50	20.60	20.71	249.52
216.50	20.60	20.72	251.05
217.50	20.68	20.76	249.52
218.50	20.65	20.78	252.58
219.50	20.69	20.81	251.05
220.50	20.71	20.87	249.52
221.50	20.75	20.91	249.52
222.50	20.78	20.92	251.05
223.50	20.84	21.00	251.05
224.50	20.88	21.08	255.63
225.50	20.94	21.17	249.52
226.50	20.94	21.19	249.52
227.50	20.96	21.24	249.52
228.50	20.95	21.20	251.05
229.50	20.98	21.18	251.05
230.50	21.06	21.19	249.52
231.50	21.13	21.18	249.52
232.50	21.18	21.15	249.52
233.50	21.17	21.16	251.05
234.50	21.21	21.16	251.05
235.50	21.28	21.24	251.05
236.50	21.26	21.25	251.05
237.50	21.35	21.29	249.52
238.50	21.38	21.33	251.05
239.50	21.39	21.38	251.05
240.50	21.43	21.41	249.52
241.50	21.49	21.47	251.05
242.50	21.46	21.49	254.11
243.50	21.51	21.62	249.52
244.50	21.52	21.66	249.52
245.50	21.55	21.73	249.52
246.50	21.54	21.79	249.52
247.50	21.59	21.83	251.05
248.50	21.64	21.86	249.52
249.50	21.70	21.89	251.05
250.50	21.74	21.87	249.52
251.50	21.76	21.89	249.52
252.50	21.81	21.89	249.52
253.50	21.88	21.89	251.05
254.50	21.90	21.90	249.52
255.50	21.96	21.96	249.52
256.50	22.01	22.07	249.52
257.50	22.02	22.08	249.52
258.50	22.09	22.21	247.99
259.50	22.12	22.27	251.05
260.50	22.17	22.33	251.05
261.50	22.23	22.42	249.52
262.50	22.31	22.57	249.52
263.50	22.38	22.65	251.05
264.50	22.42	22.72	251.05
265.50	22.45	22.81	249.52
266.50	22.49	22.80	249.52
267.50	22.54	22.84	251.05
268.50	22.55	22.82	249.52
269.50	22.61	22.78	249.52
270.50	22.75	22.81	249.52
271.50	22.82	22.76	249.52
272.50	22.93	22.74	251.05
273.50	23.03	22.78	249.52
274.50	23.10	22.79	255.63
275.50	23.18	22.86	254.11
276.50	23.28	22.99	251.05
277.50	23.31	23.08	249.52
278.50	23.39	23.19	254.11
279.50	23.43	23.30	249.52
280.50	23.48	23.42	249.52
281.50	23.55	23.58	249.52
282.50	23.53	23.66	252.58
283.50	23.58	23.75	249.52
284.50	23.62	23.85	249.52
285.50	23.66	23.94	249.52
286.50	23.78	23.96	249.52
287.50	23.89	24.02	249.52
288.50	23.95	24.01	249.52
289.50	24.02	24.03	249.52
290.50	24.03	24.05	249.52
291.50	24.08	24.08	249.52
292.50	24.12	24.09	249.52
293.50	24.19	24.20	249.52
294.50	24.26	24.29	249.52
295.50	24.42	24.45	249.52
296.50	24.50	24.51	249.52
297.50	24.64	24.62	249.52
298.50	24.79	24.70	249.52
299.50	24.96	24.81	251.05
300.50	25.05	24.85	249.52
301.50	25.14	24.93	251.05
302.50	25.29	25.13	247.99
303.50	25.49	25.20	249.52
304.50	25.67	25.30	249.52
305.50	25.74	25.31	244.94
306.50	25.84	25.38	249.52
307.50	25.87	25.41	249.52
308.50	25.91	25.46	249.52
309.50	25.97	25.56	251.05
310.50	26.01	25.61	249.52
311.50	26.03	25.68	252.58
312.50	26.07	25.79	251.05
313.50	26.09	25.90	249.52
314.50	26.17	26.07	251.05
315.50	26.20	26.20	251.05
316.50	26.27	26.40	251.05
317.50	26.29	26.52	249.52
318.50	26.46	26.80	249.52
319.50	26.77	26.95	249.52
320.50	27.01	27.08	243.41
321.50	27.23	27.24	251.05
322.50	27.45	27.36	249.52
323.50	27.63	27.45	251.05
324.50	27.82	27.50	251.05
325.50	28.01	27.55	251.05
326.50	28.13	27.55	249.52
327.50	28.21	27.59	251.05
328.50	28.34	27.66	249.52
329.50	28.46	27.70	249.52
330.50	28.56	27.72	251.05
331.50	28.65	27.79	249.52
332.50	28.81	27.87	251.05
333.50	28.88	27.98	251.05
334.50	28.96	28.11	251.05
335.50	29.08	28.31	251.05
336.50	29.21	28.52	251.05
337.50	29.23	28.74	251.05
338.50	29.35	28.95	249.52
339.50	29.52	29.26	249.52
340.50	29.59	29.41	251.05
341.50	29.76	29.60	249.52
342.50	29.83	29.71	249.52
343.50	29.96	29.81	251.05
344.50	30.10	29.82	249.52
345.50	30.29	29.84	249.52
346.50	30.40	29.84	249.52
347.50	30.54	29.91	247.99
348.50	30.73	30.04	249.52
349.50	30.82	30.30	249.52
350.50	30.96	30.54	249.52
351.50	31.02	30.75	237.30
352.50	31.06	30.88	249.52
353.50	31.08	31.03	249.52
354.50	31.19	31.16	249.52
355.50	31.38	31.31	249.52
356.50	31.59	31.54	249.52
357.50	31.81	31.76	255.63
358.50	32.02	31.89	249.52
359.50	32.28	31.99	249.52
360.50	32.49	32.12	249.52
361.50	32.61	32.20	249.52
362.50	32.68	32.25	251.05
363.50	32.73	32.28	249.52
364.50	32.74	32.27	251.05
365.50	32.74	32.40	251.05
366.50	32.76	32.64	249.52
367.50	32.72	32.87	251.05
368.50	32.73	33.01	249.52
369.50	32.84	33.17	251.05
370.50	32.94	33.23	249.52
371.50	33.07	33.29	251.05
372.50	33.16	33.32	249.52
373.50	33.26	33.39	249.52
374.50	33.24	33.43	247.99
375.50	33.32	33.60	249.52
376.50	33.40	33.77	251.05
377.50	33.49	33.91	249.52
378.50	33.61	34.02	251.05
379.50	33.75	34.17	249.52
380.50	33.96	34.23	251.05
381.50	34.15	34.30	251.05
382.50	34.32	34.33	251.05
383.50	34.41	34.36	249.52
384.50	34.50	34.41	249.52
385.50	34.54	34.42	249.52
386.50	34.64	34.50	249.52
387.50	34.67	34.57	247.99
388.50	34.88	34.77	249.52
389.50	35.02	34.88	249.52
390.50	35.19	35.07	249.52
391.50	35.31	35.22	251.05
392.50	35.42	35.40	251.05
393.50	35.54	35.62	251.05
394.50	35.73	35.89	251.05
395.50	35.90	36.09	249.52
396.50	36.10	36.22	251.05
397.50	36.33	36.37	249.52
398.50	36.53	36.52	249.52
399.50	36.71	36.55	249.52
400.50	36.80	36.62	249.52
401.50	36.84	36.63	251.05
402.50	36.90	36.73	249.52
403.50	36.87	36.74	251.05
404.50	36.87	36.81	249.52
405.50	36.85	36.99	249.52
406.50	36.85	37.23	249.52
407.50	36.91	37.47	249.52
408.50	36.97	37.70	249.52
409.50	37.04	37.90	251.05
410.50	37.19	38.06	249.52
411.50	37.33	38.25	249.52
412.50	37.49	38.31	249.52
413.50	37.78	38.40	249.52
414.50	38.08	38.51	249.52
415.50	38.29	38.55	249.52
416.50	38.49	38.60	251.05
417.50	38.61	38.60	249.52
418.50	38.70	38.61	249.52
419.50	38.74	38.62	249.52
420.50	38.78	38.67	249.52
421.50	38.83	38.72	251.05
422.50	38.89	38.82	249.52
423.50	38.92	38.84	251.05
424.50	38.98	38.93	251.05
425.50	39.05	38.99	249.52
426.50	39.21	39.12	251.05
427.50	39.30	39.19	249.52
428.50	39.40	39.36	249.52
429.50	39.49	39.58	249.52
430.50	39.58	39.77	251.05
431.50	39.68	39.95	251.05
432.50	39.81	40.11	251.05
433.50	40.11	40.39	251.05
434.50	40.43	40.55	249.52
435.50	40.85	40.59	251.05
436.50	41.16	40.58	249.52
437.50	41.36	40.60	249.52
438.50	41.47	40.62	251.05
439.50	41.48	40.73	249.52
440.50	41.56	40.85	251.05
441.50	41.64	41.05	249.52
442.50	41.78	41.19	251.05
443.50	41.97	41.31	251.05
444.50	42.20	41.56	251.05
445.50	42.34	41.76	243.41
446.50	42.40	41.92	249.52
447.50	42.49	42.10	249.52
448.50	42.58	42.26	251.05
449.50	42.74	42.48	255.63
450.50	42.92	42.73	249.52
451.50	43.09	42.92	249.52
452.50	43.28	43.13	252.58
453.50	43.37	43.21	249.52
454.50	43.49	43.20	249.52
455.50	43.60	43.16	249.52
456.50	43.65	43.08	251.05
457.50	43.74	43.02	249.52
458.50	43.89	43.07	249.52
459.50	44.13	43.13	251.05
460.50	44.39	43.30	251.05
461.50	44.61	43.57	251.05
462.50	44.85	43.91	249.52
463.50	45.02	44.19	249.52
464.50	45.22	44.43	251.05
465.50	45.33	44.59	251.05
466.50	45.42	44.73	251.05
467.50	45.48	44.87	249.52
468.50	45.67	45.05	251.05
469.50	45.88	45.31	249.52
470.50	45.93	45.44	251.05
471.50	46.04	45.64	251.05
472.50	46.06	45.83	252.58
473.50	46.10	45.98	249.52
474.50	46.17	46.14	254.11
475.50	46.26	46.26	249.52
476.50	46.31	46.40	249.52
477.50	46.34	46.55	249.52
478.50	46.45	46.82	254.11
479.50	46.49	47.00	251.05
480.50	46.55	47.17	249.52
481.50	46.63	47.31	249.52
482.50	46.74	47.44	249.52
483.50	46.85	47.57	251.05
484.50	47.14	47.62	249.52
485.50	47.48	47.65	249.52
486.50	47.87	47.77	249.52
487.50	48.15	47.77	249.52
488.50	48.41	47.89	249.52
489.50	48.55	47.97	251.05
490.50	48.60	48.01	249.52
491.50	48.70	48.09	251.05
492.50	48.77	48.15	249.52
493.50	48.84	48.23	249.52
494.50	48.88	48.31	254.11
495.50	48.87	48.42	251.05
496.50	48.90	48.61	246.47
497.50	48.92	48.81	249.52
498.50	49.01	49.00	249.52
499.50	49.24	49.19	249.52
500.50	49.59	49.28	249.52
501.50	49.85	49.41	249.52
502.50	50.11	49.56	249.52
503.50	50.42	49.75	249.52
504.50	50.64	49.83	249.52
505.50	50.76	49.89	249.52
506.50	50.86	49.99	251.05
507.50	50.90	50.05	251.05
508.50	50.97	50.12	251.05
509.50	50.97	50.16	249.52
510.50	51.02	50.20	249.52
511.50	51.03	50.26	249.52
512.50	51.06	50.36	249.52
513.50	51.08	50.48	251.05
514.50	51.16	50.61	249.52
515.50	51.20	50.74	251.05
516.50	51.34	50.91	249.52
517.50	51.44	51.08	251.05
518.50	51.52	51.26	251.05
519.50	51.66	51.51	249.52
520.50	51.85	51.76	249.52
521.50	52.22	51.98	251.05
522.50	52.57	52.25	249.52
523.50	52.82	52.55	249.52
524.50	53.01	52.76	249.52
525.50	53.12	52.85	249.52
526.50	53.24	52.94	251.05
527.50	53.37	53.07	251.05
528.50	53.52	53.20	249.52
529.50	53.58	53.40	249.52
530.50	53.55	53.60	249.52
531.50	53.59	53.84	251.05
532.50	53.62	54.03	251.05
533.50	53.69	54.19	249.52
534.50	53.75	54.28	249.52
535.50	53.83	54.35	251.05
536.50	53.93	54.40	249.52
537.50	54.00	54.44	249.52
538.50	54.12	54.51	249.52
539.50	54.38	54.60	249.52
540.50	54.73	54.80	249.52
541.50	55.05	55.07	244.94
542.50	55.41	55.25	249.52
543.50	55.71	55.29	249.52
544.50	55.91	55.24	251.05
545.50	56.04	55.14	251.05
546.50	56.17	55.10	249.52
547.50	56.20	55.06	249.52
548.50	56.27	55.11	249.52
549.50	56.27	55.17	251.05
550.50	56.37	55.36	249.52
551.50	56.52	55.61	249.52
552.50	56.55	55.79	251.05
553.50	56.59	56.01	251.05
554.50	56.63	56.22	251.05
555.50	56.66	56.43	249.52
556.50	56.78	56.53	249.52
557.50	57.13	56.65	249.52
558.50	57.56	56.90	249.52
559.50	57.94	57.15	249.52
560.50	58.20	57.28	249.52
561.50	58.44	57.40	247.99
562.50	58.66	57.45	249.52
563.50	58.83	57.48	247.99
564.50	58.86	57.49	251.05
565.50	58.77	57.47	251.05
566.50	58.71	57.50	249.52
567.50	58.66	57.65	247.99
568.50	58.64	57.91	249.52
569.50	58.56	58.15	251.05
570.51	58.54	58.35	249.52
571.50	58.56	58.61	251.05
572.50	58.61	58.74	251.05
573.50	58.70	58.85	249.52
574.50	58.88	58.97	251.05
575.50	59.16	59.01	251.05
576.50	59.51	59.19	249.52
577.50	59.80	59.28	249.52
578.50	59.97	59.31	249.52
579.50	60.10	59.31	249.52
580.50	60.18	59.36	249.52
581.50	60.26	59.48	249.52
582.50	60.36	59.59	251.05
583.50	60.41	59.63	249.52
584.50	60.43	59.67	251.05
585.50	60.48	59.77	251.05
586.50	60.54	59.92	249.52
587.50	60.61	60.07	249.52
588.50	60.76	60.19	249.52
589.50	60.86	60.23	249.52
590.50	61.00	60.33	251.05
591.50	61.06	60.38	252.58
592.50	61.16	60.56	251.05
593.50	61.22	60.73	251.05
594.50	61.34	60.94	246.47
595.50	61.51	61.12	251.05
596.50	61.69	61.26	251.05
597.50	61.97	61.37	249.52
598.50	62.25	61.54	249.52
599.50	62.41	61.64	249.52
600.50	62.52	61.75	249.52
601.50	62.62	61.90	251.05
602.50	62.72	62.01	251.05
603.50	62.80	62.13	249.52
604.50	62.94	62.22	249.52
605.50	63.02	62.30	251.05
606.50	63.09	62.33	249.52
607.50	63.13	62.45	251.05
608.50	63.24	62.63	249.52
609.50	63.45	62.78	251.05
610.50	63.76	62.94	249.52
611.50	64.08	63.15	252.58
612.50	64.32	63.40	251.05
613.50	64.48	63.61	251.05
614.50	64.58	63.80	249.52
615.50	64.66	63.92	249.52
616.50	64.71	64.03	249.52
617.50	64.77	64.07	249.52
618.50	64.82	64.06	249.52
619.50	64.80	64.06	251.05
620.50	64.89	64.15	249.52
621.50	64.92	64.20	249.52
622.50	65.02	64.28	251.05
623.50	65.10	64.32	249.52
624.50	65.15	64.46	249.52
625.50	65.26	64.72	249.52
626.50	65.33	64.92	249.52
627.50	65.31	65.06	249.52
628.50	65.45	65.32	251.05
629.50	65.65	65.48	251.05
630.50	65.91	65.65	251.05
631.50	66.15	65.88	251.05
632.50	66.41	66.09	251.05
633.50	66.79	66.27	251.05
634.50	67.10	66.34	246.47
635.50	67.35	66.43	249.52
636.50	67.51	66.40	249.52
637.50	67.63	66.35	249.52
638.50	67.79	66.37	249.52
639.50	67.89	66.49	249.52
640.50	68.00	66.69	249.52
641.50	68.01	66.83	249.52
642.50	68.05	66.95	251.05
643.50	68.05	66.97	241.88
644.50	68.06	67.08	246.47
645.50	68.07	67.23	249.52
646.50	68.06	67.37	251.05
647.51	68.14	67.52	249.52
648.51	68.31	67.65	251.05
649.50	68.54	67.84	249.52
650.50	68.70	67.93	249.52
651.50	68.90	68.02	249.52
652.50	69.08	68.12	251.05
653.50	69.25	68.22	249.52
654.50	69.35	68.33	252.58
655.50	69.40	68.43	251.05
656.50	69.41	68.52	251.05
657.51	69.43	68.66	251.05
658.50	69.43	68.78	251.05
659.50	69.46	68.91	249.52
660.50	69.43	68.98	249.52
661.50	69.46	69.13	251.05
662.50	69.51	69.22	251.05
663.50	69.60	69.30	249.52
664.50	69.67	69.42	251.05
665.50	69.82	69.55	249.52
666.51	69.95	69.70	252.58
667.50	70.07	69.86	251.05
668.50	70.20	69.98	249.52
669.50	70.34	70.12	251.05
670.50	70.50	70.29	251.05
671.50	70.66	70.36	249.52
672.50	70.88	70.44	251.05
