Time (sec)	Outer Temperature (C) 	Center Temperature (C)	Stirrer Speed  (rpm)	
30.98	19.87	19.88	3.51
32.01	19.85	19.91	3.51
33.00	19.87	19.92	3.51
33.98	19.87	19.87	3.51
34.97	19.87	19.90	3.51
35.95	19.85	19.90	3.51
36.94	19.91	19.92	3.51
37.92	19.86	19.90	3.51
38.90	19.85	19.91	3.51
39.88	19.85	19.90	3.51
40.87	19.89	19.90	3.51
41.85	19.85	19.92	3.51
42.84	19.84	19.89	3.51
43.83	19.84	19.88	3.51
44.81	19.88	19.94	3.51
45.79	19.85	19.91	3.51
46.77	19.85	19.90	3.51
47.76	19.87	19.90	3.51
48.75	19.87	19.90	3.51
49.73	19.85	19.90	3.51
50.72	19.85	19.87	35.60
51.70	19.86	19.89	92.14
52.68	19.83	19.87	154.78
53.67	19.85	19.89	205.21
54.65	19.86	19.89	275.50
55.65	19.84	19.88	313.70
56.65	19.87	19.90	362.60
57.65	19.84	19.87	417.61
58.65	19.82	19.86	468.03
59.65	19.86	19.90	532.21
60.65	19.85	19.90	590.27
61.65	19.83	19.88	623.89
62.65	19.86	19.93	622.36
63.65	19.84	19.91	685.01
64.65	19.84	19.87	704.88
65.65	19.81	19.86	741.55
66.65	19.82	19.87	756.83
67.65	19.79	19.79	756.83
68.65	19.82	19.84	749.19
69.65	19.81	19.80	749.19
70.65	19.81	19.82	749.19
71.65	19.82	19.81	749.19
72.65	19.82	19.79	749.19
73.65	19.80	19.77	749.19
74.65	19.79	19.78	749.19
75.65	19.80	19.80	749.19
76.65	19.75	19.75	744.60
77.65	19.76	19.75	750.72
78.65	19.80	19.75	750.72
79.65	19.74	19.75	749.19
80.65	19.82	19.78	749.19
81.65	19.76	19.74	749.19
82.65	19.77	19.77	750.72
83.65	19.75	19.73	750.72
84.65	19.75	19.71	749.19
85.65	19.78	19.74	749.19
86.65	19.78	19.74	749.19
87.65	19.78	19.77	749.19
88.65	19.77	19.73	749.19
89.65	19.75	19.74	749.19
90.65	19.76	19.73	749.19
91.65	19.72	19.74	750.72
92.65	19.76	19.73	749.19
93.65	19.76	19.73	750.72
94.65	19.76	19.75	749.19
95.65	19.77	19.76	749.19
96.65	19.76	19.73	749.19
97.65	19.71	19.71	749.19
98.65	19.76	19.73	749.19
99.65	19.74	19.71	752.24
100.65	19.74	19.71	749.19
101.65	19.73	19.71	747.66
102.65	19.76	19.71	749.19
103.65	19.71	19.69	749.19
104.65	19.74	19.71	749.19
105.65	19.73	19.71	749.19
106.65	19.72	19.68	749.19
107.65	19.70	19.70	749.19
108.65	19.73	19.71	753.77
109.65	19.75	19.68	749.19
110.65	19.68	19.67	747.66
111.65	19.72	19.71	749.19
112.65	19.72	19.69	750.72
113.65	19.72	19.68	750.72
114.65	19.75	19.71	750.72
115.65	19.73	19.70	749.19
116.65	19.72	19.70	749.19
117.65	19.72	19.72	749.19
118.65	19.71	19.68	750.72
119.65	19.71	19.69	749.19
120.65	19.72	19.70	752.24
121.65	19.74	19.72	749.19
122.65	19.70	19.66	749.19
123.65	19.71	19.68	749.19
124.65	19.72	19.69	749.19
125.65	19.70	19.66	749.19
126.65	19.71	19.70	749.19
127.65	19.73	19.70	749.19
128.65	19.71	19.69	749.19
129.65	19.70	19.67	749.19
130.65	19.71	19.71	749.19
131.65	19.69	19.68	750.72
132.65	19.74	19.68	749.19
133.65	19.68	19.64	750.72
134.65	19.69	19.68	747.66
135.65	19.68	19.64	749.19
136.65	19.69	19.66	749.19
137.65	19.67	19.66	749.19
138.65	19.72	19.66	749.19
139.65	19.70	19.68	749.19
140.65	19.66	19.66	749.19
141.65	19.71	19.68	749.19
142.65	19.67	19.65	750.72
143.65	19.67	19.62	749.19
144.65	19.71	19.69	749.19
145.65	19.67	19.64	749.19
146.65	19.72	19.69	743.08
147.65	19.65	19.63	750.72
148.65	19.69	19.64	749.19
149.65	19.69	19.65	750.72
150.65	19.67	19.66	749.19
151.65	19.68	19.63	749.19
152.65	19.67	19.64	749.19
153.65	19.67	19.65	749.19
154.65	19.64	19.64	749.19
155.65	19.68	19.68	749.19
156.65	19.66	19.64	749.19
157.65	19.65	19.64	749.19
158.65	19.71	19.68	749.19
159.65	19.70	19.64	749.19
160.65	19.63	19.63	749.19
161.65	19.68	19.63	750.72
162.65	19.67	19.62	749.19
163.65	19.69	19.65	750.72
164.65	19.68	19.67	749.19
165.65	19.69	19.65	749.19
166.65	19.67	19.64	749.19
167.65	19.68	19.67	755.30
168.65	19.73	19.68	749.19
169.65	19.71	19.64	749.19
170.65	19.69	19.67	749.19
171.65	19.69	19.69	749.19
172.65	19.64	19.64	749.19
173.65	19.66	19.64	749.19
174.65	19.67	19.68	749.19
175.65	19.66	19.64	749.19
176.65	19.68	19.63	749.19
177.65	19.67	19.65	749.19
178.65	19.69	19.66	749.19
179.65	19.70	19.66	749.19
180.65	19.66	19.64	749.19
181.65	19.70	19.66	749.19
182.65	19.68	19.65	750.72
183.65	19.68	19.65	749.19
184.65	19.65	19.62	749.19
185.65	19.68	19.64	749.19
186.65	19.67	19.65	749.19
187.65	19.65	19.61	749.19
188.65	19.65	19.62	749.19
189.65	19.67	19.66	749.19
190.65	19.69	19.64	750.72
191.65	19.68	19.62	749.19
192.65	19.67	19.64	749.19
193.65	19.69	19.66	750.72
194.65	19.67	19.65	749.19
195.65	19.68	19.65	749.19
196.65	19.69	19.65	743.08
197.65	19.68	19.64	749.19
198.65	19.63	19.62	749.19
199.65	19.69	19.66	749.19
200.65	19.68	19.66	749.19
201.65	19.66	19.61	749.19
202.65	19.67	19.64	749.19
203.65	19.70	19.66	749.19
204.65	19.70	19.67	749.19
205.65	19.67	19.65	749.19
206.65	19.67	19.63	749.19
207.65	19.66	19.62	749.19
208.65	19.67	19.62	750.72
209.65	19.65	19.61	749.19
210.65	19.71	19.68	749.19
211.65	19.69	19.66	750.72
212.65	19.70	19.66	749.19
213.65	19.65	19.62	749.19
214.65	19.69	19.66	749.19
215.65	19.66	19.63	747.66
216.65	19.64	19.61	749.19
217.65	19.67	19.64	747.66
218.65	19.68	19.64	749.19
219.65	19.68	19.63	749.19
220.65	19.68	19.65	749.19
221.65	19.68	19.62	750.72
222.65	19.65	19.63	750.72
223.65	19.65	19.64	749.19
224.65	19.65	19.64	753.77
225.65	19.63	19.61	749.19
226.65	19.66	19.63	749.19
227.65	19.62	19.62	749.19
228.65	19.68	19.66	749.19
229.65	19.69	19.66	750.72
230.65	19.66	19.64	749.19
231.65	19.63	19.62	749.19
232.65	19.67	19.61	749.19
233.65	19.65	19.62	749.19
234.65	19.65	19.60	749.19
235.65	19.69	19.65	749.19
236.65	19.65	19.62	749.19
237.65	19.64	19.63	747.66
238.65	19.67	19.67	749.19
239.65	19.70	19.64	749.19
240.65	19.69	19.65	749.19
241.65	19.68	19.61	749.19
242.65	19.64	19.65	749.19
243.65	19.67	19.62	749.19
244.65	19.68	19.61	749.19
245.65	19.64	19.62	749.19
246.65	19.67	19.64	749.19
247.65	19.70	19.63	749.19
248.65	19.66	19.61	749.19
249.65	19.73	19.67	747.66
250.65	19.74	19.67	749.19
251.65	19.74	19.64	749.19
252.65	19.74	19.65	749.19
253.65	19.80	19.70	750.72
254.65	19.78	19.68	750.72
255.65	19.84	19.76	747.66
256.65	19.85	19.74	749.19
257.65	19.90	19.79	749.19
258.65	19.93	19.83	750.72
259.65	19.94	19.85	750.72
260.65	19.96	19.88	749.19
261.65	19.99	19.92	749.19
262.65	20.05	19.95	749.19
263.65	20.10	20.02	749.19
264.65	20.15	20.03	749.19
265.65	20.20	20.07	749.19
266.65	20.22	20.08	749.19
267.65	20.28	20.12	750.72
268.65	20.29	20.15	749.19
269.65	20.33	20.21	750.72
270.65	20.39	20.25	747.66
271.65	20.41	20.22	749.19
272.65	20.51	20.33	749.19
273.65	20.51	20.35	749.19
274.65	20.57	20.39	749.19
275.65	20.62	20.44	744.60
276.65	20.70	20.50	746.13
277.65	20.69	20.49	749.19
278.65	20.77	20.58	749.19
279.65	20.82	20.63	749.19
280.65	20.89	20.71	749.19
281.65	20.91	20.71	740.02
282.65	20.99	20.81	749.19
283.65	21.05	20.84	749.19
284.65	21.09	20.87	749.19
285.65	21.16	20.90	749.19
286.65	21.22	21.01	749.19
287.65	21.30	21.09	749.19
288.65	21.37	21.16	749.19
289.65	21.42	21.27	749.19
290.65	21.49	21.35	749.19
291.65	21.58	21.39	749.19
292.65	21.61	21.46	749.19
293.65	21.70	21.46	749.19
294.65	21.78	21.54	749.19
295.65	21.84	21.57	749.19
296.65	21.90	21.64	749.19
297.65	22.00	21.71	749.19
298.65	22.10	21.78	749.19
299.65	22.13	21.84	750.72
300.65	22.23	21.88	750.72
301.65	22.31	21.98	750.72
302.65	22.48	22.10	749.19
303.65	22.50	22.14	749.19
304.65	22.57	22.20	750.72
305.65	22.65	22.28	749.19
306.65	22.74	22.37	749.19
307.65	22.84	22.48	750.72
308.65	22.91	22.58	750.72
309.65	22.99	22.64	749.19
310.65	23.09	22.73	749.19
311.65	23.19	22.89	750.72
312.65	23.30	23.00	750.72
313.65	23.37	23.05	750.72
314.65	23.49	23.15	749.19
315.65	23.57	23.22	749.19
316.65	23.67	23.33	749.19
317.65	23.76	23.41	750.72
318.65	23.86	23.52	749.19
319.65	24.00	23.67	749.19
320.65	24.12	23.77	749.19
321.65	24.25	23.85	749.19
322.65	24.32	23.93	749.19
323.65	24.49	24.08	746.13
324.65	24.58	24.14	749.19
325.65	24.71	24.28	750.72
326.65	24.83	24.44	749.19
327.65	24.95	24.55	749.19
328.65	25.03	24.64	749.19
329.65	25.20	24.80	749.19
330.65	25.33	24.93	749.19
331.65	25.50	25.05	736.96
332.65	25.61	25.16	749.19
333.65	25.75	25.26	749.19
334.65	25.90	25.43	750.72
335.65	26.06	25.54	749.19
336.65	26.19	25.64	749.19
337.65	26.28	25.72	749.19
338.65	26.46	25.87	749.19
339.65	26.64	26.07	749.19
340.65	26.80	26.23	749.19
341.65	26.92	26.40	749.19
342.65	27.09	26.58	747.66
343.65	27.23	26.66	749.19
344.65	27.38	26.75	749.19
345.65	27.53	26.87	749.19
346.65	27.67	27.02	750.72
347.65	27.80	27.15	750.72
348.65	27.95	27.35	749.19
349.65	28.10	27.52	750.72
350.65	28.24	27.64	749.19
351.65	28.41	27.80	749.19
352.65	28.54	28.02	749.19
353.65	28.71	28.22	749.19
354.65	28.85	28.38	750.72
355.65	29.04	28.55	749.19
356.65	29.16	28.74	749.19
357.65	29.31	28.85	749.19
358.65	29.49	28.98	749.19
359.65	29.65	29.09	750.72
360.65	29.76	29.19	749.19
361.65	29.95	29.35	749.19
362.65	30.10	29.50	749.19
363.65	30.23	29.66	749.19
364.65	30.35	29.84	750.72
365.65	30.55	30.02	749.19
366.65	30.77	30.21	750.72
367.65	30.84	30.33	750.72
368.65	31.01	30.56	749.19
369.65	31.18	30.71	749.19
370.65	31.28	30.85	749.19
371.65	31.48	31.04	752.24
372.65	31.63	31.14	749.19
373.65	31.82	31.26	749.19
374.65	31.98	31.41	749.19
375.65	32.07	31.50	750.72
376.65	32.25	31.69	749.19
377.65	32.39	31.80	749.19
378.65	32.58	31.97	749.19
379.65	32.73	32.14	749.19
380.65	32.90	32.26	750.72
381.65	33.04	32.42	749.19
382.65	33.22	32.62	749.19
383.65	33.36	32.85	747.66
384.65	33.51	32.97	750.72
385.65	33.65	33.15	749.19
386.65	33.84	33.34	749.19
387.65	34.00	33.52	749.19
388.65	34.14	33.63	755.30
389.65	34.29	33.81	749.19
390.65	34.47	34.00	749.19
391.65	34.62	34.15	749.19
392.65	34.76	34.27	749.19
393.65	34.89	34.39	750.72
394.65	35.07	34.56	749.19
395.65	35.19	34.73	749.19
396.65	35.42	34.93	749.19
397.65	35.53	35.08	749.19
398.65	35.68	35.26	747.66
399.65	35.82	35.39	755.30
400.65	36.02	35.55	749.19
401.65	36.12	35.66	749.19
402.65	36.30	35.85	749.19
403.65	36.44	35.95	749.19
404.65	36.60	36.06	750.72
405.65	36.71	36.21	749.19
406.65	36.88	36.38	749.19
407.65	37.05	36.52	749.19
408.65	37.19	36.65	747.66
409.65	37.36	36.82	749.19
410.65	37.53	36.97	749.19
411.65	37.68	37.13	749.19
412.65	37.86	37.26	746.13
413.65	37.99	37.44	749.19
414.65	38.10	37.54	750.72
415.65	38.34	37.73	749.19
416.65	38.45	37.82	749.19
417.65	38.58	37.91	741.55
418.65	38.75	38.08	750.72
419.65	38.91	38.20	749.19
420.65	39.07	38.30	749.19
421.65	39.22	38.49	749.19
422.65	39.36	38.66	749.19
423.65	39.51	38.83	749.19
424.65	39.60	38.96	749.19
425.65	39.77	39.15	749.19
426.65	39.94	39.32	749.19
427.65	40.04	39.45	749.19
428.65	40.23	39.63	747.66
429.65	40.38	39.79	749.19
430.65	40.58	39.96	749.19
431.65	40.75	40.12	749.19
432.65	40.84	40.21	747.66
433.65	40.98	40.35	749.19
434.65	41.16	40.53	749.19
435.65	41.28	40.69	749.19
436.65	41.44	40.84	750.72
437.65	41.60	41.05	749.19
438.65	41.76	41.24	749.19
439.65	41.89	41.38	750.72
440.65	42.02	41.55	750.72
441.65	42.22	41.80	749.19
442.65	42.41	41.97	747.66
443.65	42.54	42.09	755.30
444.65	42.70	42.27	749.19
445.65	42.83	42.36	749.19
446.65	42.97	42.48	749.19
447.65	43.10	42.60	749.19
448.65	43.29	42.71	749.19
449.65	43.40	42.80	749.19
450.65	43.60	42.99	750.72
451.65	43.74	43.13	749.19
452.65	43.84	43.34	749.19
453.65	44.02	43.51	750.72
454.65	44.15	43.63	749.19
455.65	44.28	43.80	749.19
456.65	44.42	43.93	749.19
457.65	44.58	44.07	749.19
458.65	44.68	44.16	749.19
459.65	44.84	44.25	749.19
460.65	44.99	44.41	749.19
461.65	45.09	44.52	749.19
462.65	45.22	44.63	749.19
463.65	45.37	44.77	749.19
464.65	45.49	44.92	749.19
465.65	45.60	45.02	749.19
466.65	45.75	45.15	750.72
467.65	45.86	45.31	750.72
468.65	46.00	45.48	749.19
469.65	46.11	45.60	744.60
470.65	46.26	45.72	747.66
471.65	46.41	45.87	750.72
472.65	46.50	46.00	749.19
473.65	46.65	46.13	749.19
474.65	46.76	46.27	749.19
475.65	46.85	46.36	749.19
476.65	47.02	46.56	750.72
477.65	47.18	46.74	750.72
478.65	47.29	46.80	749.19
479.65	47.41	46.91	750.72
480.65	47.56	47.04	749.19
481.65	47.69	47.14	744.60
482.65	47.77	47.24	749.19
483.65	47.87	47.37	750.72
484.65	48.02	47.52	749.19
485.65	48.19	47.66	749.19
486.65	48.32	47.77	749.19
487.65	48.47	47.91	749.19
488.65	48.57	47.98	750.72
489.65	48.73	48.13	749.19
490.65	48.85	48.26	747.66
491.65	48.94	48.42	756.83
492.65	49.12	48.56	749.19
493.65	49.25	48.66	749.19
494.65	49.33	48.75	752.24
495.65	49.48	48.91	749.19
496.65	49.64	49.06	749.19
497.65	49.77	49.19	750.72
498.65	49.85	49.27	749.19
499.65	50.02	49.44	749.19
500.65	50.15	49.63	749.19
501.65	50.30	49.78	750.72
502.65	50.42	49.86	749.19
503.65	50.54	49.98	749.19
504.65	50.68	50.09	749.19
505.65	50.83	50.18	750.72
506.65	50.94	50.30	749.19
507.65	51.10	50.43	749.19
508.65	51.21	50.53	749.19
509.65	51.34	50.66	749.19
510.65	51.50	50.87	747.66
511.65	51.60	51.03	749.19
512.65	51.76	51.20	749.19
513.65	51.85	51.37	750.72
514.65	51.97	51.49	749.19
515.65	52.09	51.63	747.66
516.65	52.20	51.71	749.19
517.65	52.35	51.83	749.19
518.65	52.53	52.01	749.19
519.65	52.61	52.12	747.66
520.65	52.77	52.28	749.19
521.65	52.90	52.34	749.19
522.65	53.03	52.46	749.19
523.65	53.15	52.59	749.19
524.65	53.29	52.70	749.19
525.65	53.42	52.84	749.19
526.65	53.54	52.97	749.19
527.65	53.67	53.10	749.19
528.65	53.80	53.24	749.19
529.65	53.97	53.43	750.72
530.65	54.12	53.55	749.19
531.65	54.21	53.69	749.19
532.65	54.34	53.82	749.19
533.65	54.50	53.92	747.66
534.65	54.60	54.01	750.72
535.65	54.75	54.14	749.19
536.65	54.89	54.29	749.19
537.65	55.06	54.47	749.19
538.65	55.17	54.59	749.19
539.65	55.33	54.75	749.19
540.65	55.40	54.83	749.19
541.65	55.54	54.97	749.19
542.65	55.70	55.13	749.19
543.65	55.83	55.30	749.19
544.65	55.92	55.35	750.72
545.65	56.11	55.50	750.72
546.65	56.20	55.56	749.19
547.65	56.38	55.74	749.19
548.65	56.51	55.86	749.19
549.65	56.58	55.94	750.72
550.65	56.73	56.10	749.19
551.65	56.86	56.19	749.19
552.65	57.02	56.31	749.19
553.65	57.12	56.40	749.19
554.65	57.24	56.54	750.72
555.65	57.37	56.70	749.19
556.65	57.51	56.88	750.72
557.65	57.63	57.02	749.19
558.65	57.75	57.19	749.19
559.65	57.88	57.32	749.19
560.65	58.02	57.47	749.19
561.65	58.16	57.60	749.19
562.65	58.27	57.69	749.19
563.65	58.42	57.82	749.19
564.65	58.56	57.98	749.19
565.65	58.68	58.10	749.19
566.65	58.79	58.31	750.72
567.65	58.89	58.39	750.72
568.65	59.04	58.55	749.19
569.65	59.19	58.64	747.66
570.65	59.30	58.75	749.19
571.65	59.47	58.89	749.19
572.65	59.57	59.00	749.19
573.65	59.73	59.16	749.19
574.65	59.85	59.31	749.19
575.65	59.99	59.43	749.19
576.65	60.10	59.55	749.19
577.65	60.23	59.70	750.72
578.65	60.35	59.83	749.19
579.65	60.48	59.98	749.19
580.65	60.63	60.10	750.72
581.65	60.71	60.21	749.19
582.65	60.90	60.34	749.19
583.65	60.97	60.49	749.19
584.65	61.10	60.59	749.19
585.65	61.24	60.71	749.19
586.65	61.38	60.80	750.72
587.65	61.54	60.94	749.19
588.65	61.69	61.00	749.19
589.65	61.81	61.09	752.24
590.65	61.90	61.21	749.19
591.65	62.05	61.34	749.19
592.65	62.16	61.49	749.19
593.65	62.34	61.65	749.19
594.65	62.42	61.81	747.66
595.65	62.57	61.94	749.19
596.65	62.69	62.11	749.19
597.65	62.82	62.22	749.19
598.65	62.91	62.35	749.19
599.65	63.05	62.48	749.19
600.65	63.19	62.57	749.19
601.65	63.29	62.69	749.19
602.65	63.44	62.78	749.19
603.65	63.63	62.93	749.19
604.65	63.76	63.03	749.19
605.65	63.85	63.16	749.19
606.65	63.96	63.29	749.19
607.65	64.07	63.41	749.19
608.65	64.16	63.50	749.19
609.65	64.32	63.70	750.72
610.65	64.44	63.82	750.72
611.65	64.55	63.97	747.66
612.65	64.69	64.10	749.19
613.65	64.79	64.23	749.19
614.65	64.95	64.35	749.19
615.65	65.02	64.45	749.19
616.65	65.19	64.57	750.72
617.65	65.31	64.70	749.19
618.65	65.39	64.83	750.72
619.65	65.57	64.99	749.19
620.65	65.66	65.12	749.19
621.65	65.79	65.21	749.19
622.65	65.94	65.36	749.19
623.65	66.10	65.52	750.72
624.65	66.18	65.63	749.19
625.65	66.32	65.73	749.19
626.65	66.40	65.82	749.19
627.65	66.55	65.99	749.19
628.65	66.67	66.08	749.19
629.65	66.78	66.15	749.19
630.65	66.93	66.32	744.60
631.65	67.06	66.50	747.66
632.65	67.18	66.64	749.19
633.65	67.32	66.80	749.19
634.65	67.41	66.95	749.19
635.65	67.53	67.07	750.72
636.65	67.64	67.18	749.19
637.65	67.76	67.31	749.19
638.65	67.93	67.44	750.72
639.65	68.00	67.53	749.19
640.65	68.10	67.66	749.19
641.65	68.30	67.78	749.19
642.65	68.39	67.90	750.72
643.65	68.48	67.98	749.19
644.65	68.65	68.11	747.66
645.65	68.78	68.18	749.19
646.65	68.87	68.27	749.19
647.65	69.00	68.37	749.19
648.65	69.11	68.48	749.19
649.65	69.26	68.62	750.72
650.65	69.35	68.71	749.19
651.65	69.48	68.82	749.19
652.65	69.61	69.02	749.19
653.65	69.74	69.13	749.19
654.65	69.83	69.28	749.19
655.65	69.93	69.39	744.60
656.65	70.07	69.53	749.19
657.65	70.18	69.63	749.19
658.65	70.34	69.79	749.19
659.65	70.39	69.89	749.19
660.65	70.53	70.04	747.66
661.65	70.66	70.14	749.19
662.65	70.78	70.17	749.19
663.65	70.90	70.28	651.39
664.65	70.97	70.33	289.25
665.65	71.07	70.47	3.51
666.65	71.22	70.63	3.51
667.65	71.28	70.74	3.51
668.65	71.43	70.90	3.51
669.65	71.53	71.01	3.51
670.65	71.62	71.07	1.98
671.65	71.73	71.10	3.51
672.65	71.90	71.16	3.51
673.65	71.95	71.17	3.51
674.65	72.06	71.21	3.51
675.65	72.14	71.24	3.51
676.65	72.12	71.24	3.51
677.65	72.20	71.27	3.51
678.65	72.28	71.28	3.51
679.65	72.35	71.29	3.51
680.65	72.44	71.30	3.51
681.65	72.45	71.30	3.51
682.65	72.53	71.32	1.98
683.65	72.56	71.29	3.51
684.65	72.59	71.29	3.51
685.65	72.55	71.28	3.51
686.65	72.61	71.31	3.51
687.65	72.60	71.27	3.51
688.65	72.66	71.32	3.51
689.65	72.72	71.37	3.51
690.65	72.74	71.38	3.51
691.65	72.74	71.48	3.51
692.65	72.70	71.51	3.51
693.65	72.66	71.50	3.51
694.65	72.65	71.44	3.51
695.65	72.69	71.47	3.51
696.65	72.74	71.48	3.51
697.65	72.73	71.48	3.51
698.65	72.76	71.46	3.51
699.65	72.76	71.48	3.51
700.65	72.71	71.48	3.51
701.65	72.74	71.49	3.51
702.65	72.75	71.54	3.51
703.65	72.75	71.56	3.51
704.65	72.78	71.55	3.51
705.65	72.81	71.57	3.51
706.65	72.76	71.53	3.51
707.65	72.75	71.54	3.51
708.65	72.76	71.54	3.51
709.65	72.77	71.54	1.98
710.65	72.79	71.54	3.51
711.65	72.80	71.57	3.51
712.65	72.77	71.58	3.51
713.65	72.76	71.61	3.51
714.65	72.76	71.64	3.51
715.65	72.75	71.71	3.51
716.65	72.72	71.77	3.51
717.65	72.72	71.81	3.51
718.65	72.72	71.83	3.51
719.65	72.75	71.85	3.51
720.65	72.77	71.92	3.51
721.65	72.75	71.96	3.51
722.65	72.75	71.98	3.51
723.65	72.76	72.02	3.51
724.65	72.78	72.01	3.51
725.65	72.74	71.96	3.51
726.65	72.72	71.94	3.51
727.65	72.71	71.93	3.51
728.65	72.68	71.93	3.51
729.65	72.72	71.95	1.98
730.65	72.73	71.96	3.51
731.65	72.70	71.95	3.51
732.65	72.69	71.94	1.98
733.65	72.65	71.91	1.98
734.65	72.65	71.91	1.98
735.65	72.64	71.92	3.51
736.65	72.67	71.94	3.51
737.65	72.67	71.93	3.51
738.65	72.67	71.93	3.51
739.65	72.64	71.98	3.51
740.65	72.64	71.97	1.98
741.65	72.67	72.04	3.51
742.65	72.65	72.05	3.51
743.65	72.66	72.12	3.51
744.65	72.65	72.11	3.51
745.65	72.64	72.14	1.98
746.65	72.62	72.14	1.98
747.65	72.63	72.18	3.51
748.65	72.60	72.20	3.51
749.65	72.63	72.24	3.51
750.65	72.62	72.23	3.51
751.65	72.61	72.18	3.51
752.65	72.63	72.18	3.51
753.65	72.62	72.16	1.98
754.65	72.64	72.18	3.51
755.65	72.63	72.12	3.51
756.65	72.64	72.18	3.51
757.65	72.62	72.15	3.51
758.65	72.59	72.16	3.51
759.65	72.55	72.17	3.51
760.65	72.58	72.24	3.51
761.65	72.53	72.25	3.51
762.65	72.55	72.29	3.51
763.65	72.55	72.29	1.98
764.65	72.52	72.28	3.51
765.65	72.52	72.29	3.51
766.65	72.53	72.26	3.51
767.65	72.53	72.29	3.51
768.65	72.48	72.28	3.51
769.65	72.47	72.33	3.51
770.65	72.47	72.35	3.51
771.65	72.49	72.38	3.51
772.65	72.46	72.35	3.51
773.65	72.48	72.34	3.51
774.65	72.49	72.33	3.51
775.65	72.48	72.28	3.51
776.65	72.48	72.24	3.51
777.65	72.47	72.23	3.51
778.65	72.45	72.21	3.51
779.65	72.50	72.24	1.98
780.65	72.48	72.20	3.51
781.65	72.41	72.18	3.51
782.65	72.44	72.21	3.51
783.65	72.45	72.20	3.51
784.65	72.45	72.21	3.51
785.65	72.43	72.22	3.51
786.65	72.43	72.22	3.51
787.65	72.40	72.20	1.98
788.65	72.42	72.25	3.51
789.65	72.43	72.24	3.51
790.65	72.43	72.27	3.51
791.65	72.43	72.26	3.51
792.65	72.43	72.27	1.98
793.65	72.45	72.29	3.51
794.65	72.45	72.32	3.51
795.65	72.46	72.30	3.51
796.65	72.45	72.30	3.51
797.65	72.41	72.27	3.51
798.65	72.43	72.28	3.51
799.65	72.36	72.23	3.51
800.65	72.37	72.27	3.51
801.65	72.33	72.22	1.98
802.65	72.34	72.23	3.51
803.65	72.32	72.20	3.51
804.65	72.32	72.16	3.51
805.65	72.31	72.18	3.51
806.65	72.37	72.20	3.51
807.65	72.32	72.15	3.51
808.65	72.30	72.13	3.51
809.65	72.33	72.17	3.51
810.65	72.32	72.15	3.51
811.65	72.31	72.17	1.98
812.65	72.31	72.16	3.51
813.65	72.32	72.17	3.51
814.65	72.29	72.12	3.51
815.65	72.33	72.15	3.51
816.65	72.33	72.14	3.51
817.65	72.31	72.10	3.51
818.65	72.32	72.11	3.51
819.65	72.31	72.08	3.51
820.65	72.30	72.06	3.51
821.65	72.30	72.09	3.51
822.65	72.26	72.05	3.51
823.65	72.24	72.05	3.51
824.65	72.21	72.03	3.51
825.65	72.20	72.07	3.51
826.65	72.20	72.09	3.51
827.65	72.20	72.12	3.51
828.65	72.19	72.13	3.51
829.65	72.13	72.12	3.51
830.65	72.14	72.12	3.51
831.65	72.12	72.17	3.51
832.65	72.16	72.20	3.51
833.65	72.11	72.16	3.51
834.65	72.16	72.23	1.98
835.65	72.15	72.23	1.98
836.65	72.14	72.23	3.51
837.65	72.11	72.21	3.51
838.65	72.14	72.23	3.51
839.65	72.11	72.19	3.51
840.65	72.10	72.19	3.51
841.65	72.08	72.16	3.51
842.65	72.03	72.09	1.98
843.65	72.07	72.10	3.51
844.65	72.07	72.07	3.51
845.65	72.05	72.01	3.51
846.65	72.00	71.99	3.51
847.65	71.97	71.98	1.98
848.65	71.94	71.97	3.51
849.65	71.96	71.95	3.51
850.65	71.96	71.92	5.04
851.65	72.00	71.93	3.51
852.65	71.99	71.87	3.51
853.65	72.04	71.88	3.51
854.65	72.04	71.86	3.51
855.65	72.08	71.86	3.51
856.65	72.08	71.87	3.51
857.65	72.08	71.88	3.51
858.65	72.01	71.84	3.51
859.65	72.01	71.83	3.51
860.65	71.99	71.83	3.51
861.65	71.97	71.84	3.51
862.65	71.94	71.79	3.51
863.65	71.96	71.87	1.98
864.65	71.98	71.88	3.51
865.65	71.96	71.91	3.51
866.65	72.00	71.94	3.51
867.65	71.96	71.93	3.51
868.65	71.95	71.95	1.98
869.65	71.97	71.96	3.51
870.65	71.96	71.97	3.51
871.65	72.01	71.95	3.51
872.65	71.96	71.93	3.51
873.65	71.95	71.89	3.51
874.65	71.91	71.86	3.51
875.65	71.92	71.86	3.51
876.65	71.86	71.84	1.98
877.65	71.86	71.82	1.98
878.65	71.85	71.78	1.98
879.65	71.87	71.77	3.51
880.65	71.88	71.76	3.51
881.65	71.91	71.77	3.51
882.65	71.94	71.79	3.51
883.65	71.92	71.75	3.51
884.65	71.93	71.76	3.51
885.65	71.96	71.79	3.51
886.65	71.93	71.75	1.98
887.65	71.93	71.76	3.51
888.65	71.94	71.76	3.51
889.65	71.93	71.78	3.51
890.65	71.93	71.80	3.51
891.65	71.94	71.78	3.51
892.65	71.92	71.82	3.51
893.65	71.94	71.82	3.51
894.65	71.86	71.79	3.51
895.65	71.87	71.83	3.51
896.65	71.85	71.82	3.51
897.65	71.85	71.82	3.51
898.65	71.84	71.80	3.51
899.65	71.85	71.82	3.51
900.65	71.86	71.81	3.51
901.65	71.84	71.77	3.51
902.65	71.82	71.74	3.51
903.65	71.81	71.71	3.51
904.65	71.82	71.72	3.51
905.65	71.79	71.70	3.51
906.65	71.75	71.66	3.51
907.65	71.76	71.67	3.51
908.65	71.74	71.67	3.51
909.65	71.69	71.64	3.51
910.65	71.66	71.62	3.51
911.65	71.68	71.62	3.51
912.65	71.64	71.61	3.51
913.65	71.64	71.59	1.98
914.65	71.68	71.59	3.51
915.65	71.67	71.60	3.51
916.65	71.66	71.57	3.51
917.65	71.65	71.58	3.51
918.65	71.67	71.60	3.51
919.65	71.70	71.62	1.98
920.65	71.70	71.65	5.04
921.65	71.72	71.66	3.51
922.65	71.75	71.67	3.51
923.65	71.80	71.71	3.51
924.65	71.74	71.70	3.51
925.65	71.74	71.73	3.51
926.65	71.79	71.76	3.51
927.65	71.77	71.78	3.51
928.65	71.77	71.78	3.51
929.65	71.76	71.79	1.98
930.65	71.73	71.80	5.04
931.65	71.76	71.80	1.98
932.65	71.68	71.77	3.51
933.65	71.69	71.76	3.51
934.65	71.69	71.78	1.98
935.65	71.67	71.79	3.51
936.65	71.64	71.76	3.51
937.65	71.63	71.72	3.51
938.65	71.65	71.70	1.98
939.65	71.59	71.65	3.51
940.65	71.61	71.62	3.51
941.65	71.60	71.61	1.98
942.65	71.58	71.60	3.51
943.65	71.58	71.61	3.51
944.65	71.55	71.56	3.51
945.65	71.54	71.58	3.51
946.65	71.52	71.56	3.51
947.65	71.54	71.59	3.51
948.65	71.52	71.60	3.51
949.65	71.54	71.63	3.51
950.65	71.51	71.61	3.51
951.65	71.53	71.60	3.51
952.65	71.51	71.60	3.51
953.65	71.53	71.59	3.51
954.65	71.51	71.55	3.51
955.65	71.49	71.57	1.98
956.65	71.44	71.56	3.51
957.65	71.46	71.60	3.51
958.65	71.43	71.56	3.51
959.65	71.43	71.55	3.51
960.65	71.40	71.53	3.51
961.65	71.41	71.52	3.51
962.65	71.41	71.50	3.51
963.65	71.42	71.48	1.98
964.65	71.43	71.46	1.98
965.65	71.46	71.44	1.98
966.65	71.47	71.45	3.51
967.65	71.47	71.41	3.51
968.65	71.47	71.39	3.51
969.65	71.55	71.39	3.51
970.65	71.54	71.37	3.51
971.65	71.57	71.35	3.51
972.65	71.55	71.36	3.51
973.65	71.58	71.38	3.51
974.65	71.58	71.35	3.51
975.65	71.58	71.33	1.98
976.65	71.57	71.33	3.51
977.65	71.59	71.32	3.51
978.65	71.54	71.28	3.51
979.65	71.52	71.28	3.51
980.65	71.53	71.31	3.51
981.65	71.50	71.27	3.51
982.65	71.49	71.29	3.51
983.65	71.46	71.27	3.51
984.65	71.46	71.28	3.51
985.65	71.46	71.26	3.51
986.65	71.43	71.28	3.51
987.65	71.44	71.26	3.51
988.65	71.41	71.27	3.51
989.65	71.36	71.24	3.51
990.65	71.36	71.27	3.51
991.65	71.31	71.24	3.51
992.65	71.31	71.26	1.98
993.65	71.30	71.25	3.51
994.65	71.30	71.27	3.51
995.65	71.28	71.27	3.51
996.65	71.28	71.25	3.51
997.65	71.31	71.29	3.51
998.65	71.30	71.30	3.51
999.65	71.31	71.29	3.51
1000.65	71.29	71.26	3.51
1001.65	71.33	71.29	3.51
1002.65	71.30	71.31	3.51
1003.65	71.31	71.31	3.51
1004.65	71.26	71.26	3.51
1005.65	71.25	71.27	3.51
1006.65	71.22	71.25	3.51
1007.65	71.22	71.28	1.98
1008.65	71.23	71.26	3.51
1009.65	71.16	71.24	3.51
1010.65	71.19	71.24	3.51
1011.65	71.19	71.24	3.51
1012.65	71.15	71.20	1.98
1013.65	71.14	71.21	3.51
1014.65	71.17	71.21	1.98
1015.65	71.18	71.21	1.98
1016.65	71.19	71.18	3.51
1017.65	71.22	71.20	3.51
1018.65	71.23	71.20	3.51
1019.65	71.25	71.19	3.51
1020.65	71.24	71.15	3.51
1021.65	71.23	71.14	3.51
1022.65	71.21	71.14	1.98
1023.65	71.20	71.12	3.51
1024.65	71.18	71.10	3.51
1025.65	71.21	71.10	3.51
1026.65	71.18	71.07	3.51
1027.65	71.20	71.05	1.98
1028.65	71.15	70.98	3.51
1029.65	71.20	70.96	3.51
1030.65	71.20	70.91	3.51
1031.65	71.21	70.89	3.51
1032.65	71.22	70.86	3.51
1033.65	71.20	70.80	3.51
1034.65	71.25	70.82	1.98
1035.65	71.24	70.80	3.51
1036.65	71.21	70.78	3.51
1037.65	71.24	70.78	3.51
1038.65	71.22	70.78	3.51
1039.65	71.21	70.78	3.51
1040.65	71.20	70.77	3.51
1041.65	71.21	70.76	3.51
1042.65	71.18	70.77	3.51
1043.65	71.17	70.76	3.51
1044.65	71.15	70.73	3.51
1045.65	71.15	70.71	3.51
1046.65	71.11	70.65	3.51
1047.65	71.10	70.57	3.51
1048.65	71.11	70.51	3.51
1049.65	71.07	70.36	3.51
1050.65	71.09	70.25	3.51
1051.65	71.06	70.00	3.51
1052.65	71.04	69.68	3.51
1053.65	70.98	69.11	3.51
1054.65	70.97	68.46	3.51
1055.65	70.93	67.73	1.98
1056.65	70.90	67.09	3.51
1057.65	70.93	66.57	3.51
1058.65	70.89	66.05	1.98
1059.65	70.86	65.62	1.98
1060.65	70.90	65.22	3.51
1061.65	70.85	64.82	3.51
1062.65	70.87	64.47	3.51
1063.65	70.86	64.08	3.51
1064.65	70.90	63.79	3.51
1065.65	70.86	63.44	1.98
1066.65	70.85	63.08	3.51
1067.65	70.86	62.80	1.98
1068.65	70.88	62.52	3.51
1069.65	70.86	62.25	3.51
1070.65	70.80	61.93	3.51
1071.65	70.80	61.71	3.51
1072.65	70.80	61.42	3.51
1073.65	70.77	61.14	3.51
1074.65	70.78	60.88	3.51
1075.65	70.74	60.63	3.51
1076.65	70.73	60.40	3.51
1077.65	70.72	60.15	3.51
1078.65	70.70	59.91	3.51
1079.65	70.66	59.70	1.98
1080.65	70.65	59.52	3.51
1081.65	70.66	59.32	3.51
1082.65	70.65	59.15	3.51
1083.65	70.65	59.01	3.51
1084.65	70.64	58.85	1.98
1085.65	70.61	58.70	3.51
1086.65	70.59	58.61	3.51
1087.65	70.62	58.50	3.51
1088.65	70.61	58.38	3.51
1089.65	70.63	58.30	3.51
1090.65	70.62	58.18	3.51
1091.65	70.61	58.08	3.51
1092.65	70.57	58.00	3.51
1093.65	70.49	57.89	3.51
1094.65	70.47	57.82	3.51
1095.65	70.27	57.70	3.51
1096.65	69.97	57.59	3.51
1097.65	69.48	57.47	3.51
1098.65	68.92	57.42	3.51
1099.65	68.18	57.31	3.51
1100.65	67.63	57.26	3.51
1101.65	67.04	57.15	1.98
1102.65	66.60	57.09	1.98
1103.65	66.24	57.01	3.51
1104.65	65.87	56.91	3.51
1105.65	65.59	56.85	3.51
1106.65	65.28	56.79	3.51
1107.65	65.01	56.67	3.51
1108.65	64.73	56.59	3.51
1109.65	64.47	56.49	1.98
1110.65	64.21	56.41	1.98
1111.65	63.99	56.34	3.51
1112.65	63.68	56.23	1.98
1113.65	63.41	56.13	1.98
1114.65	63.14	56.07	1.98
1115.65	62.88	55.96	3.51
1116.65	62.59	55.90	3.51
1117.65	62.35	55.82	3.51
1118.65	62.05	55.70	3.51
1119.65	61.81	55.67	3.51
1120.65	61.51	55.55	3.51
1121.65	61.28	55.49	1.98
1122.65	61.00	55.40	3.51
1123.65	60.82	55.37	3.51
1124.65	60.61	55.29	3.51
1125.65	60.36	55.20	3.51
1126.65	60.17	55.16	3.51
1127.65	59.97	55.06	3.51
1128.65	59.76	55.00	3.51
1129.65	59.61	54.97	3.51
1130.65	59.41	54.87	3.51
1131.65	59.27	54.83	3.51
1132.65	59.09	54.73	3.51
1133.65	58.96	54.69	3.51
1134.65	58.84	54.62	1.98
1135.65	58.70	54.57	3.51
1136.65	58.57	54.53	3.51
1137.65	58.39	54.42	3.51
1138.65	58.25	54.36	3.51
1139.65	58.12	54.27	3.51
1140.65	57.97	54.20	3.51
1141.65	57.84	54.14	3.51
1142.65	57.70	54.06	3.51
1143.65	57.57	53.97	3.51
1144.65	57.44	53.91	3.51
1145.65	57.32	53.84	3.51
1146.65	57.20	53.77	3.51
1147.65	57.07	53.66	3.51
1148.65	56.89	53.51	3.51
1149.65	56.80	53.51	3.51
1150.65	56.64	53.41	3.51
1151.65	56.50	53.34	3.51
1152.65	56.37	53.27	1.98
1153.65	56.24	53.19	3.51
1154.65	56.09	53.14	3.51
1155.65	56.00	53.07	3.51
1156.65	55.88	52.98	3.51
1157.65	55.73	52.92	3.51
1158.65	55.64	52.84	3.51
1159.65	55.53	52.77	3.51
1160.65	55.43	52.73	1.98
1161.65	55.34	52.65	3.51
1162.65	55.22	52.59	1.98
1163.65	55.14	52.53	3.51
1164.65	55.02	52.44	3.51
1165.65	54.89	52.36	3.51
1166.65	54.80	52.29	3.51
1167.65	54.71	52.23	3.51
1168.65	54.59	52.16	3.51
1169.65	54.46	52.07	3.51
1170.65	54.39	52.04	1.98
1171.65	54.25	51.95	3.51
1172.65	54.14	51.87	3.51
1173.65	54.06	51.82	3.51
1174.65	53.96	51.75	3.51
1175.65	53.85	51.67	3.51
1176.65	53.76	51.60	3.51
1177.65	53.63	51.53	3.51
1178.65	53.53	51.46	3.51
1179.65	53.41	51.39	1.98
1180.65	53.33	51.32	3.51
1181.65	53.23	51.25	3.51
1182.65	53.14	51.19	3.51
1183.65	53.08	51.13	3.51
1184.65	52.98	51.03	3.51
1185.65	52.90	51.01	3.51
1186.65	52.81	50.92	3.51
1187.65	52.75	50.86	3.51
1188.65	52.64	50.79	3.51
1189.65	52.57	50.73	3.51
1190.65	52.44	50.67	3.51
1191.65	52.32	50.59	3.51
1192.65	52.25	50.54	3.51
1193.65	52.09	50.49	3.51
1194.65	51.99	50.42	3.51
1195.65	51.90	50.36	3.51
1196.65	51.80	50.27	3.51
1197.65	51.72	50.19	3.51
1198.65	51.60	50.11	3.51
1199.65	51.56	50.07	3.51
1200.65	51.46	49.99	3.51
1201.65	51.40	49.96	3.51
1202.65	51.31	49.88	3.51
1203.65	51.26	49.83	3.51
1204.65	51.14	49.76	3.51
1205.65	51.05	49.71	3.51
1206.65	50.95	49.62	3.51
1207.65	50.90	49.56	3.51
1208.65	50.80	49.51	3.51
1209.65	50.71	49.44	3.51
1210.65	50.66	49.39	1.98
1211.65	50.59	49.29	3.51
1212.65	50.54	49.23	3.51
1213.65	50.45	49.14	3.51
1214.65	50.35	49.05	3.51
1215.65	50.33	49.01	3.51
1216.65	50.21	48.90	3.51
1217.65	50.15	48.83	1.98
1218.65	50.09	48.80	1.98
1219.65	49.99	48.72	3.51
1220.65	49.91	48.68	3.51
1221.65	49.87	48.61	3.51
1222.65	49.78	48.53	3.51
1223.65	49.71	48.44	3.51
1224.65	49.64	48.36	3.51
1225.65	49.59	48.30	3.51
1226.65	49.50	48.23	3.51
1227.65	49.46	48.20	3.51
1228.65	49.37	48.11	1.98
1229.65	49.32	48.06	3.51
1230.65	49.25	48.03	3.51
1231.65	49.22	47.96	3.51
1232.65	49.14	47.88	3.51
1233.65	49.10	47.84	3.51
1234.65	49.04	47.77	3.51
1235.65	48.97	47.67	3.51
1236.65	48.95	47.65	3.51
1237.65	48.87	47.54	3.51
1238.65	48.79	47.46	3.51
1239.65	48.75	47.42	3.51
1240.65	48.67	47.35	3.51
1241.65	48.61	47.28	3.51
1242.65	48.53	47.23	3.51
1243.65	48.45	47.18	3.51
1244.65	48.42	47.13	3.51
1245.65	48.33	47.00	3.51
1246.65	48.29	46.97	1.98
1247.65	48.22	46.90	3.51
1248.65	48.16	46.85	3.51
1249.65	48.08	46.79	3.51
1250.65	48.04	46.74	3.51
1251.65	48.00	46.69	3.51
1252.65	47.90	46.62	3.51
1253.65	47.86	46.56	3.51
1254.65	47.77	46.52	3.51
1255.65	47.67	46.46	3.51
1256.65	47.60	46.38	3.51
1257.65	47.56	46.31	3.51
1258.65	47.47	46.24	3.51
1259.65	47.39	46.19	3.51
1260.65	47.35	46.17	3.51
1261.65	47.24	46.08	3.51
1262.65	47.21	46.02	3.51
1263.65	47.14	45.95	1.98
1264.65	47.10	45.93	1.98
1265.65	47.02	45.87	3.51
1266.65	46.95	45.81	3.51
1267.65	46.90	45.77	3.51
1268.65	46.80	45.69	3.51
1269.65	46.74	45.66	3.51
1270.65	46.64	45.58	3.51
1271.65	46.57	45.53	3.51
1272.65	46.46	45.44	1.98
1273.65	46.41	45.42	3.51
1274.65	46.31	45.30	3.51
1275.65	46.29	45.29	3.51
1276.65	46.20	45.18	3.51
1277.65	46.16	45.14	1.98
1278.65	46.12	45.08	3.51
1279.65	46.06	45.00	5.04
1280.65	45.99	44.92	1.98
1281.65	45.97	44.88	3.51
1282.65	45.92	44.85	3.51
1283.65	45.86	44.77	3.51
1284.65	45.77	44.70	3.51
1285.65	45.74	44.67	3.51
1286.65	45.67	44.64	3.51
1287.65	45.62	44.55	3.51
1288.65	45.59	44.48	3.51
1289.65	45.55	44.45	3.51
1290.65	45.49	44.43	3.51
1291.65	45.46	44.36	3.51
1292.65	45.38	44.29	3.51
1293.65	45.35	44.30	3.51
