Time (sec)	Outer Temperature (C) 	Center Temperature (C)	Stirrer Speed  (rpm)	
11.57	20.37	20.25	1.98
12.58	20.36	20.25	3.51
13.57	20.39	20.27	3.51
14.56	20.33	20.22	1.98
15.56	20.31	20.23	3.51
16.56	20.37	20.26	3.51
17.56	20.37	20.26	3.51
18.56	20.34	20.28	3.51
19.56	20.36	20.26	1.98
20.56	20.36	20.27	3.51
21.56	20.34	20.27	3.51
22.55	20.37	20.27	3.51
23.56	20.35	20.24	3.51
24.56	20.35	20.22	1.98
25.56	20.37	20.25	3.51
26.56	20.36	20.23	3.51
27.56	20.38	20.22	3.51
28.55	20.38	20.22	1.98
29.54	20.39	20.22	3.51
30.53	20.37	20.25	3.51
31.53	20.35	20.21	3.51
32.53	20.37	20.23	3.51
33.53	20.39	20.22	3.51
34.53	20.41	20.21	38.65
35.51	20.36	20.18	92.14
36.49	20.39	20.22	133.39
37.48	20.40	20.21	167.01
38.48	20.43	20.22	220.49
39.46	20.42	20.21	286.20
40.45	20.43	20.22	350.37
41.45	20.48	20.24	396.21
42.44	20.49	20.22	423.72
43.44	20.49	20.34	448.17
44.44	20.54	20.55	466.50
45.43	20.58	20.64	490.95
46.43	20.63	20.75	495.54
47.43	20.65	20.85	495.54
48.43	20.64	20.86	495.54
49.43	20.73	20.90	495.54
50.43	20.76	20.93	495.54
51.43	20.83	20.93	497.06
52.41	20.88	20.96	495.54
53.40	21.01	21.02	497.06
54.40	21.04	21.06	498.59
55.40	21.11	21.08	495.54
56.38	21.16	21.10	495.54
57.37	21.19	21.12	497.06
58.36	21.24	21.17	495.54
59.35	21.21	21.15	495.54
60.35	21.27	21.18	495.54
61.34	21.31	21.24	495.54
62.32	21.32	21.31	495.54
63.30	21.35	21.37	495.54
64.29	21.38	21.43	497.06
65.29	21.38	21.44	495.54
66.29	21.43	21.50	495.54
67.28	21.44	21.51	495.54
68.28	21.52	21.59	494.01
69.28	21.58	21.65	495.54
70.28	21.59	21.65	495.54
71.28	21.62	21.68	512.34
72.28	21.68	21.76	494.01
73.28	21.68	21.78	495.54
74.26	21.78	21.85	495.54
75.26	21.82	21.84	495.54
76.26	21.89	21.84	495.54
77.24	22.02	21.89	495.54
78.24	22.04	21.93	495.54
79.25	22.10	22.01	490.95
80.24	22.08	22.04	497.06
81.23	22.15	22.10	495.54
82.21	22.24	22.16	497.06
83.22	22.27	22.19	497.06
84.21	22.31	22.22	495.54
85.21	22.38	22.27	495.54
86.20	22.41	22.34	495.54
87.20	22.47	22.42	495.54
88.20	22.50	22.46	495.54
89.20	22.58	22.52	495.54
90.20	22.60	22.53	495.54
91.20	22.63	22.52	497.06
92.18	22.71	22.58	495.54
93.19	22.76	22.57	494.01
94.18	22.86	22.65	497.06
95.17	22.90	22.68	495.54
96.17	22.95	22.73	494.01
97.17	22.97	22.83	495.54
98.17	23.01	22.88	497.06
99.17	23.07	22.92	495.54
100.16	23.13	22.97	495.54
101.16	23.19	23.02	497.06
102.16	23.22	23.02	497.06
103.15	23.33	23.11	494.01
104.15	23.38	23.17	495.54
105.14	23.45	23.26	495.54
106.13	23.52	23.30	495.54
107.12	23.57	23.37	489.42
108.12	23.66	23.48	495.54
109.10	23.75	23.53	495.54
110.09	23.84	23.59	495.54
111.07	23.88	23.65	495.54
112.06	23.97	23.74	497.06
113.06	24.04	23.80	483.31
114.06	24.10	23.93	495.54
115.04	24.14	23.99	497.06
116.03	24.18	24.07	495.54
117.03	24.30	24.17	495.54
118.03	24.37	24.22	495.54
119.03	24.48	24.28	495.54
120.03	24.55	24.34	495.54
121.03	24.67	24.42	495.54
122.03	24.75	24.53	497.06
123.02	24.86	24.65	495.54
124.03	24.88	24.67	497.06
125.03	24.93	24.74	497.06
126.03	24.95	24.77	495.54
127.01	25.03	24.90	495.54
128.00	25.16	25.01	495.54
129.00	25.24	25.12	497.06
130.00	25.31	25.20	494.01
131.00	25.41	25.29	497.06
132.00	25.53	25.39	497.06
132.98	25.64	25.46	495.54
133.98	25.73	25.50	495.54
134.98	25.87	25.59	495.54
135.98	26.04	25.70	495.54
136.98	26.05	25.75	495.54
137.98	26.17	25.88	497.06
138.98	26.23	25.92	497.06
139.98	26.40	26.06	500.12
140.98	26.54	26.14	495.54
141.98	26.64	26.24	497.06
142.98	26.74	26.30	495.54
143.98	26.82	26.45	495.54
144.98	26.89	26.64	495.54
145.98	27.00	26.73	495.54
146.98	27.06	26.85	495.54
147.97	27.17	26.98	495.54
148.97	27.31	27.07	495.54
149.97	27.42	27.19	495.54
150.96	27.53	27.30	495.54
151.95	27.64	27.35	495.54
152.93	27.75	27.42	494.01
153.93	27.90	27.56	497.06
154.92	28.04	27.67	490.95
155.92	28.10	27.75	495.54
156.90	28.25	27.88	498.59
157.88	28.38	27.99	495.54
158.87	28.53	28.17	495.54
159.87	28.68	28.28	497.06
160.87	28.78	28.40	495.54
161.87	28.90	28.52	495.54
162.87	29.10	28.73	495.54
163.86	29.25	28.81	495.54
164.86	29.35	28.88	497.06
165.86	29.48	28.98	495.54
166.86	29.62	29.07	495.54
167.86	29.77	29.17	495.54
168.86	29.92	29.27	495.54
169.86	30.08	29.41	506.23
170.85	30.19	29.54	495.54
171.85	30.32	29.71	494.01
172.84	30.47	29.87	495.54
173.84	30.56	29.96	495.54
174.82	30.76	30.15	495.54
175.81	30.91	30.35	497.06
176.81	31.06	30.49	495.54
177.80	31.25	30.68	495.54
178.80	31.37	30.81	495.54
179.79	31.55	30.94	495.54
180.78	31.69	31.07	495.54
181.78	31.82	31.25	495.54
182.78	31.93	31.43	497.06
183.78	32.16	31.65	495.54
184.77	32.33	31.81	495.54
185.76	32.50	31.94	495.54
186.76	32.64	32.08	497.06
187.75	32.80	32.19	495.54
188.75	32.92	32.27	497.06
189.75	33.03	32.36	495.54
190.74	33.13	32.51	495.54
191.73	33.23	32.63	495.54
192.72	33.42	32.82	497.06
193.72	33.59	32.95	495.54
194.72	33.70	33.03	495.54
195.72	33.87	33.18	495.54
196.72	33.99	33.34	497.06
197.70	34.11	33.54	495.54
198.70	34.22	33.68	495.54
199.70	34.37	33.82	495.54
200.70	34.54	33.95	497.06
201.70	34.77	34.06	495.54
202.70	34.89	34.20	495.54
203.70	35.02	34.37	495.54
204.70	35.19	34.57	495.54
205.68	35.30	34.72	495.54
206.67	35.48	34.84	495.54
207.66	35.56	34.92	495.54
208.65	35.74	35.05	495.54
209.66	35.83	35.19	495.54
210.66	36.00	35.36	495.54
211.65	36.11	35.54	495.54
212.65	36.22	35.68	495.54
213.65	36.32	35.82	495.54
214.63	36.49	36.04	495.54
215.62	36.62	36.17	497.06
216.62	36.75	36.35	495.54
217.61	36.90	36.48	497.06
218.61	37.04	36.66	495.54
219.59	37.20	36.78	495.54
220.59	37.39	36.91	495.54
221.59	37.51	37.05	495.54
222.59	37.66	37.18	494.01
223.59	37.79	37.30	497.06
224.59	37.99	37.49	495.54
225.59	38.08	37.61	495.54
226.59	38.22	37.78	497.06
227.59	38.36	37.95	495.54
228.59	38.58	38.09	495.54
229.59	38.76	38.24	495.54
230.59	38.93	38.33	495.54
231.59	39.06	38.45	498.59
232.59	39.20	38.65	495.54
233.59	39.32	38.76	495.54
234.59	39.47	38.90	497.06
235.59	39.62	39.03	497.06
236.59	39.74	39.13	495.54
237.59	39.88	39.25	495.54
238.59	40.03	39.42	497.06
239.59	40.14	39.55	495.54
240.59	40.31	39.67	497.06
241.59	40.49	39.84	495.54
242.59	40.61	39.94	495.54
243.59	40.76	40.10	495.54
244.59	40.91	40.21	501.65
245.59	41.07	40.37	495.54
246.59	41.17	40.52	495.54
247.59	41.34	40.71	495.54
248.59	41.44	40.93	497.06
249.59	41.53	41.08	497.06
250.59	41.66	41.24	495.54
251.59	41.83	41.45	509.29
252.59	42.03	41.58	495.54
253.59	42.26	41.74	495.54
254.59	42.42	41.86	495.54
255.59	42.57	42.01	497.06
256.59	42.68	42.14	495.54
257.59	42.83	42.35	495.54
258.59	42.93	42.50	494.01
259.59	43.08	42.67	497.06
260.59	43.24	42.83	495.54
261.59	43.38	42.92	495.54
262.59	43.54	43.02	495.54
263.59	43.68	43.11	495.54
264.59	43.90	43.35	495.54
265.59	43.96	43.45	495.54
266.59	44.14	43.61	495.54
267.59	44.23	43.71	495.54
268.59	44.40	43.85	495.54
269.59	44.49	43.95	495.54
270.59	44.65	44.16	495.54
271.59	44.83	44.26	495.54
272.59	45.01	44.42	495.54
273.59	45.15	44.56	497.06
274.59	45.26	44.69	495.54
275.59	45.38	44.81	495.54
276.59	45.52	44.90	495.54
277.59	45.68	45.15	495.54
278.59	45.83	45.34	497.06
279.59	45.94	45.47	495.54
280.59	46.09	45.61	495.54
281.59	46.19	45.68	495.54
282.59	46.35	45.78	495.54
283.59	46.48	45.88	495.54
284.59	46.61	45.97	498.59
285.59	46.74	46.01	495.54
286.59	46.89	46.14	495.54
287.59	46.97	46.24	495.54
288.59	47.10	46.42	495.54
289.59	47.26	46.61	495.54
290.59	47.42	46.75	495.54
291.59	47.59	46.93	495.54
292.59	47.77	47.17	495.54
293.59	47.99	47.38	495.54
294.59	48.22	47.57	495.54
295.59	48.39	47.71	497.06
296.59	48.56	47.89	495.54
297.59	48.64	47.95	495.54
298.59	48.77	48.12	495.54
299.59	48.90	48.28	495.54
300.59	48.95	48.39	495.54
301.59	49.03	48.52	494.01
302.59	49.16	48.65	495.54
303.59	49.29	48.82	495.54
304.59	49.43	48.96	495.54
305.59	49.55	49.04	495.54
306.59	49.68	49.16	495.54
307.59	49.78	49.23	495.54
308.59	49.96	49.37	497.06
309.59	50.07	49.48	495.54
310.59	50.21	49.61	497.06
311.59	50.39	49.72	494.01
312.59	50.60	49.86	495.54
313.59	50.79	49.97	495.54
314.59	50.93	50.10	495.54
315.59	51.10	50.23	495.54
316.59	51.20	50.40	497.06
317.59	51.34	50.52	495.54
318.59	51.50	50.68	495.54
319.59	51.67	50.80	495.54
320.59	51.86	50.96	495.54
321.59	51.94	51.08	495.54
322.59	52.05	51.26	497.06
323.59	52.11	51.43	494.01
324.59	52.20	51.61	495.54
325.59	52.38	51.83	495.54
326.59	52.48	51.95	495.54
327.59	52.67	52.14	509.29
328.59	52.82	52.24	495.54
329.59	52.95	52.37	500.12
330.59	53.10	52.53	495.54
331.59	53.20	52.65	497.06
332.59	53.32	52.78	495.54
333.59	53.49	52.92	495.54
334.59	53.64	53.11	495.54
335.59	53.72	53.22	495.54
336.59	53.87	53.42	494.01
337.59	54.00	53.59	492.48
338.59	54.12	53.73	495.54
339.59	54.30	53.88	495.54
340.59	54.44	53.98	495.54
341.59	54.60	54.07	495.54
342.59	54.76	54.15	497.06
343.59	54.92	54.30	495.54
344.60	55.15	54.47	495.54
345.59	55.31	54.63	497.06
346.59	55.43	54.72	495.54
347.59	55.61	54.86	495.54
348.59	55.76	54.98	497.06
349.59	55.87	55.08	495.54
350.59	55.99	55.24	495.54
351.59	56.10	55.43	495.54
352.59	56.24	55.63	497.06
353.59	56.30	55.73	495.54
354.59	56.41	55.85	495.54
355.59	56.57	55.98	497.06
356.59	56.70	56.08	495.54
357.59	56.83	56.15	504.70
358.59	56.98	56.25	484.84
359.59	57.08	56.36	486.37
360.59	57.21	56.50	497.06
361.59	57.34	56.59	497.06
362.59	57.47	56.73	495.54
363.60	57.63	56.92	500.12
364.60	57.76	57.09	495.54
365.60	57.87	57.20	495.54
366.59	58.00	57.40	489.42
367.60	58.09	57.62	497.06
368.59	58.21	57.76	495.54
369.59	58.32	57.90	495.54
370.59	58.52	58.10	495.54
371.59	58.63	58.29	495.54
372.60	58.72	58.35	495.54
373.60	58.94	58.53	495.54
374.60	59.07	58.63	497.06
375.59	59.21	58.76	495.54
376.59	59.35	58.86	495.54
377.59	59.47	58.98	495.54
378.59	59.58	59.06	495.54
379.59	59.70	59.19	495.54
380.59	59.88	59.37	495.54
381.59	60.02	59.51	495.54
382.59	60.17	59.61	495.54
383.59	60.29	59.72	498.59
384.59	60.47	59.84	495.54
385.59	60.56	59.96	495.54
386.59	60.73	60.10	495.54
387.59	60.85	60.20	497.06
388.59	60.99	60.32	497.06
389.59	61.10	60.47	494.01
390.59	61.24	60.63	495.54
391.59	61.32	60.73	495.54
392.59	61.40	60.88	497.06
393.60	61.54	61.03	495.54
394.59	61.67	61.19	497.06
395.59	61.83	61.29	497.06
396.59	62.03	61.45	494.01
397.59	62.17	61.57	495.54
398.59	62.30	61.72	495.54
399.59	62.44	61.85	495.54
400.59	62.55	61.96	495.54
401.59	62.70	62.16	495.54
402.60	62.80	62.30	495.54
403.59	62.94	62.45	498.59
404.59	63.09	62.55	495.54
405.59	63.19	62.71	495.54
406.59	63.32	62.87	495.54
407.59	63.41	62.99	495.54
408.59	63.55	63.14	495.54
409.59	63.72	63.28	495.54
410.59	63.90	63.38	495.54
411.59	64.05	63.49	495.54
412.59	64.27	63.57	495.54
413.59	64.45	63.70	492.48
414.60	64.53	63.82	495.54
415.59	64.72	63.95	495.54
416.59	64.85	64.05	494.01
417.59	64.98	64.14	495.54
418.59	65.04	64.20	497.06
419.59	65.19	64.35	497.06
420.59	65.28	64.45	497.06
421.59	65.47	64.59	495.54
422.59	65.68	64.82	495.54
423.60	65.77	64.94	495.54
424.60	65.88	65.04	495.54
425.60	65.99	65.26	495.54
426.59	66.06	65.35	495.54
427.59	66.15	65.50	495.54
428.59	66.26	65.64	495.54
429.59	66.33	65.69	495.54
430.59	66.48	65.84	495.54
431.59	66.61	65.97	492.48
432.59	66.75	66.12	495.54
433.59	66.89	66.28	495.54
434.59	66.99	66.39	498.59
435.59	67.12	66.53	497.06
436.59	67.21	66.63	495.54
437.59	67.34	66.70	495.54
438.59	67.46	66.79	495.54
439.59	67.67	66.96	495.54
440.59	67.86	67.09	495.54
441.59	68.04	67.22	495.54
442.59	68.13	67.35	497.06
443.59	68.19	67.45	501.65
444.59	68.26	67.60	497.06
445.59	68.35	67.75	495.54
446.59	68.46	67.84	495.54
447.59	68.59	67.97	487.90
448.59	68.77	68.10	495.54
449.59	68.89	68.26	497.06
450.60	69.01	68.39	495.54
451.60	69.12	68.53	495.54
452.59	69.26	68.68	495.54
453.59	69.40	68.80	490.95
454.59	69.51	68.88	495.54
455.59	69.60	68.95	495.54
456.59	69.76	69.07	495.54
457.59	69.83	69.15	497.06
458.59	69.95	69.29	495.54
459.59	70.02	69.38	495.54
460.59	70.16	69.54	495.54
461.59	70.23	69.55	495.54
462.59	70.39	69.66	497.06
463.59	70.53	69.77	495.54
464.59	70.66	69.86	495.54
465.59	70.82	70.04	495.54
466.59	71.01	70.23	495.54
467.59	71.13	70.41	451.22
