Time (sec)	Outer Temperature (C) 	Center Temperature (C)	Stirrer Speed  (rpm)	
8.30	21.89	21.87	3.51
9.29	21.87	21.88	3.51
10.29	21.90	21.89	3.51
11.29	21.90	21.89	3.51
12.27	21.88	21.87	53.93
13.27	21.90	21.90	141.03
14.26	21.87	21.87	251.05
15.26	21.92	21.91	325.92
16.24	21.88	21.89	419.13
17.24	21.90	21.91	461.92
18.24	21.91	21.90	461.92
19.24	21.91	21.92	472.61
20.24	21.92	21.94	478.73
21.23	21.91	21.92	478.73
22.23	21.90	21.93	480.25
23.23	21.90	21.91	487.90
24.23	21.91	21.92	486.37
25.23	21.95	21.94	495.54
26.23	21.95	21.95	495.54
27.23	21.94	21.92	497.06
28.23	21.95	21.94	495.54
29.23	21.96	21.97	495.54
30.23	21.99	21.97	495.54
31.23	21.95	21.93	495.54
32.23	21.94	21.96	497.06
33.23	21.99	21.97	497.06
34.23	21.98	22.00	497.06
35.23	21.98	22.00	495.54
36.23	21.97	21.99	495.54
37.23	21.96	21.94	495.54
38.23	22.00	21.95	495.54
39.23	21.97	21.95	495.54
40.23	21.98	21.96	498.59
41.23	21.96	21.98	495.54
42.23	21.99	21.98	497.06
43.23	21.99	21.98	495.54
44.23	21.96	21.95	495.54
45.23	21.98	21.99	495.54
46.23	22.01	22.00	495.54
47.23	22.02	21.98	497.06
48.23	22.00	21.98	495.54
49.23	21.99	21.97	497.06
50.23	22.02	21.99	495.54
51.23	22.00	21.99	498.59
52.23	21.99	21.98	495.54
53.23	22.00	21.97	497.06
54.23	22.01	21.99	497.06
55.23	21.99	22.01	494.01
56.23	21.98	21.96	495.54
57.23	21.97	21.97	495.54
58.23	21.99	22.02	495.54
59.23	21.98	21.95	495.54
60.23	21.97	21.99	494.01
61.23	22.01	21.99	495.54
62.23	22.00	21.98	495.54
63.23	21.98	21.96	495.54
64.23	22.01	22.00	497.06
65.23	21.95	21.96	497.06
66.23	22.01	22.01	495.54
67.23	21.99	21.98	495.54
68.23	21.98	21.98	495.54
69.23	22.00	21.97	498.59
70.23	21.99	21.99	495.54
71.23	21.98	21.98	494.01
72.23	22.01	22.00	497.06
73.23	21.95	21.96	495.54
74.23	21.97	21.98	495.54
75.23	21.98	21.99	492.48
76.23	21.96	21.96	498.59
77.23	22.00	21.98	497.06
78.23	21.98	21.95	495.54
79.23	21.99	22.00	495.54
80.23	21.99	21.99	497.06
81.23	21.98	21.99	495.54
82.23	21.96	21.93	495.54
83.23	22.01	21.99	497.06
84.23	21.99	21.97	495.54
85.23	21.97	21.95	495.54
86.23	21.99	21.99	495.54
87.23	21.99	21.99	497.06
88.23	21.99	21.96	495.54
89.23	21.98	21.98	495.54
90.23	21.98	21.98	497.06
91.23	21.97	21.98	495.54
92.23	21.98	21.99	497.06
93.23	21.97	21.98	495.54
94.23	21.99	21.99	495.54
95.23	21.98	21.98	495.54
96.23	21.98	22.01	495.54
97.23	21.98	21.99	495.54
98.23	21.97	21.97	497.06
99.23	21.99	21.99	495.54
100.23	22.02	22.03	497.06
101.23	21.98	21.99	497.06
102.23	22.01	21.99	495.54
103.23	22.01	22.00	495.54
104.23	21.99	22.02	497.06
105.23	22.00	21.97	495.54
106.23	22.05	22.04	495.54
107.23	22.06	22.05	495.54
108.23	22.08	22.09	495.54
109.23	22.06	22.05	495.54
110.23	22.09	22.10	497.06
111.23	22.09	22.10	497.06
112.23	22.12	22.13	497.06
113.23	22.15	22.16	497.06
114.23	22.19	22.19	495.54
115.23	22.22	22.24	495.54
116.23	22.22	22.21	495.54
117.23	22.25	22.28	495.54
118.23	22.30	22.35	495.54
119.23	22.27	22.34	497.06
120.23	22.32	22.38	495.54
121.23	22.38	22.41	495.54
122.23	22.40	22.41	495.54
123.23	22.47	22.49	495.54
124.23	22.49	22.53	497.06
125.23	22.52	22.53	495.54
126.23	22.53	22.59	495.54
127.23	22.58	22.62	506.23
128.23	22.59	22.69	495.54
129.23	22.64	22.71	497.06
130.23	22.69	22.73	495.54
131.23	22.71	22.76	495.54
132.23	22.76	22.84	495.54
133.23	22.81	22.92	495.54
134.23	22.86	22.92	497.06
135.23	22.91	22.99	497.06
136.23	22.91	22.98	495.54
137.23	22.96	23.05	495.54
138.23	22.98	23.05	494.01
139.23	23.03	23.12	495.54
140.23	23.08	23.19	495.54
141.23	23.12	23.18	497.06
142.23	23.16	23.26	495.54
143.23	23.23	23.31	495.54
144.23	23.26	23.35	497.06
145.23	23.33	23.38	495.54
146.23	23.33	23.36	495.54
147.23	23.42	23.42	495.54
148.23	23.43	23.44	495.54
149.23	23.53	23.61	495.54
150.23	23.58	23.67	495.54
151.23	23.63	23.69	495.54
152.23	23.67	23.70	490.95
153.23	23.69	23.69	495.54
154.23	23.77	23.75	495.54
155.23	23.81	23.77	495.54
156.23	23.86	23.78	495.54
157.23	23.87	23.85	495.54
158.23	23.93	23.96	497.06
159.23	23.96	24.07	495.54
160.23	24.02	24.14	495.54
161.23	24.12	24.17	495.54
162.23	24.17	24.17	495.54
163.23	24.28	24.27	495.54
164.23	24.36	24.32	497.06
165.23	24.46	24.39	495.54
166.23	24.49	24.47	495.54
167.23	24.52	24.49	495.54
168.23	24.60	24.59	495.54
169.23	24.66	24.64	495.54
170.23	24.70	24.64	495.54
171.23	24.82	24.75	497.06
172.23	24.89	24.83	495.54
173.23	24.94	24.95	492.48
174.23	25.00	25.00	497.06
175.23	25.08	25.12	495.54
176.23	25.08	25.14	495.54
177.23	25.18	25.21	495.54
178.23	25.23	25.26	497.06
179.23	25.34	25.32	495.54
180.23	25.43	25.39	497.06
181.23	25.50	25.49	495.54
182.23	25.54	25.54	497.06
183.23	25.68	25.68	495.54
184.23	25.80	25.78	497.06
185.23	25.83	25.82	495.54
186.23	25.91	25.89	495.54
187.23	25.99	25.96	495.54
188.23	26.08	26.08	495.54
189.23	26.21	26.16	495.54
190.23	26.28	26.26	495.54
191.23	26.30	26.34	495.54
192.23	26.41	26.41	492.48
193.23	26.45	26.46	495.54
194.23	26.54	26.51	498.59
195.23	26.64	26.56	497.06
196.23	26.67	26.62	497.06
197.23	26.78	26.71	495.54
198.23	26.96	26.84	495.54
199.23	27.06	26.94	495.54
200.23	27.17	27.03	495.54
201.23	27.31	27.14	495.54
202.23	27.41	27.24	497.06
203.23	27.48	27.37	497.06
204.23	27.54	27.47	495.54
205.23	27.65	27.66	498.59
206.23	27.80	27.86	494.01
207.23	27.88	27.93	495.54
208.23	28.04	28.03	495.54
209.23	28.15	28.08	495.54
210.23	28.26	28.14	495.54
211.23	28.40	28.25	495.54
212.23	28.56	28.39	497.06
213.23	28.71	28.55	497.06
214.23	28.80	28.73	489.42
215.23	28.97	28.95	495.54
216.23	29.06	29.02	495.54
217.23	29.19	29.10	495.54
218.23	29.29	29.21	497.06
219.23	29.43	29.37	495.54
220.23	29.57	29.53	495.54
221.23	29.74	29.69	495.54
222.23	29.91	29.87	498.59
223.23	30.01	29.99	495.54
224.23	30.13	30.10	494.01
225.23	30.29	30.23	495.54
226.23	30.46	30.36	498.59
227.23	30.57	30.47	495.54
228.23	30.68	30.56	494.01
229.23	30.81	30.68	495.54
230.23	30.98	30.84	495.54
231.23	31.06	30.94	495.54
232.23	31.20	31.05	497.06
233.23	31.34	31.19	495.54
234.23	31.49	31.38	497.06
235.23	31.65	31.55	495.54
236.23	31.80	31.72	497.06
237.23	31.95	31.86	495.54
238.23	32.08	32.05	497.06
239.23	32.18	32.18	500.12
240.23	32.28	32.32	495.54
241.23	32.45	32.42	495.54
242.23	32.64	32.50	492.48
243.23	32.84	32.61	495.54
244.23	32.99	32.75	497.06
245.23	33.14	32.89	495.54
246.23	33.27	33.04	495.54
247.23	33.39	33.20	495.54
248.23	33.51	33.35	495.54
249.23	33.67	33.48	487.90
250.23	33.78	33.60	495.54
251.23	33.93	33.73	495.54
252.23	34.07	33.85	495.54
253.23	34.23	34.05	495.54
254.23	34.35	34.19	495.54
255.23	34.50	34.38	495.54
256.23	34.64	34.51	495.54
257.23	34.78	34.66	497.06
258.23	34.89	34.75	495.54
259.23	35.07	34.93	495.54
260.23	35.20	35.06	495.54
261.23	35.35	35.20	497.06
262.23	35.48	35.36	495.54
263.23	35.61	35.51	495.54
264.23	35.81	35.62	497.06
265.23	35.99	35.72	495.54
266.23	36.17	35.86	495.54
267.23	36.30	35.99	498.59
268.23	36.46	36.09	495.54
269.23	36.63	36.21	494.01
270.23	36.71	36.34	497.06
271.23	36.85	36.50	495.54
272.23	37.01	36.64	495.54
273.23	37.19	36.80	497.06
274.23	37.34	36.93	497.06
275.23	37.44	37.04	495.54
276.23	37.60	37.23	497.06
277.23	37.71	37.43	495.54
278.23	37.85	37.61	497.06
279.23	38.02	37.70	495.54
280.23	38.21	37.89	495.54
281.23	38.37	38.04	495.54
282.23	38.46	38.12	495.54
283.23	38.60	38.25	498.59
284.23	38.78	38.47	495.54
285.23	38.91	38.68	495.54
286.23	39.06	38.79	495.54
287.23	39.19	38.90	497.06
288.23	39.34	38.99	495.54
289.23	39.53	39.12	495.54
290.23	39.63	39.20	495.54
291.23	39.76	39.32	495.54
292.23	39.91	39.51	495.54
293.23	40.01	39.71	495.54
294.23	40.18	39.88	501.65
295.23	40.33	40.01	495.54
296.23	40.50	40.15	497.06
297.23	40.66	40.27	495.54
298.23	40.82	40.35	495.54
299.23	40.94	40.47	497.06
300.23	41.06	40.65	497.06
301.23	41.19	40.84	495.54
302.23	41.36	41.06	495.54
303.23	41.52	41.19	495.54
304.23	41.71	41.38	495.54
305.23	41.85	41.51	495.54
306.23	42.00	41.61	495.54
307.23	42.12	41.73	503.18
308.23	42.23	41.83	495.54
309.23	42.38	42.01	497.06
310.23	42.50	42.17	497.06
311.23	42.67	42.33	497.06
312.23	42.86	42.46	495.54
313.23	43.05	42.64	495.54
314.23	43.17	42.75	495.54
315.23	43.32	42.92	497.06
316.23	43.46	43.07	495.54
317.23	43.57	43.21	495.54
318.23	43.74	43.42	495.54
319.23	43.82	43.52	495.54
320.23	43.90	43.67	497.06
321.23	44.06	43.83	495.54
322.23	44.21	44.02	494.01
323.23	44.35	44.17	495.54
324.23	44.50	44.26	495.54
325.23	44.65	44.38	495.54
326.23	44.82	44.49	495.54
327.23	44.95	44.60	495.54
328.23	45.10	44.75	497.06
329.23	45.25	44.89	495.54
330.23	45.36	45.01	495.54
331.23	45.54	45.15	495.54
332.23	45.72	45.29	497.06
333.23	45.86	45.44	495.54
334.23	46.00	45.60	497.06
335.23	46.10	45.72	495.54
336.23	46.25	45.85	494.01
337.23	46.38	46.03	495.54
338.23	46.54	46.17	497.06
339.23	46.68	46.31	495.54
340.23	46.84	46.50	497.06
341.23	46.99	46.58	494.01
342.23	47.12	46.66	497.06
343.23	47.32	46.82	495.54
344.23	47.38	46.96	495.54
345.23	47.54	47.14	498.59
346.23	47.62	47.30	497.06
347.23	47.78	47.44	497.06
348.23	47.95	47.58	495.54
349.23	48.08	47.63	495.54
350.23	48.17	47.74	495.54
351.23	48.36	47.91	504.70
352.23	48.42	48.02	495.54
353.23	48.57	48.19	495.54
354.23	48.67	48.36	497.06
355.23	48.75	48.54	495.54
356.23	48.96	48.73	500.12
357.23	49.08	48.84	497.06
358.23	49.22	48.95	495.54
359.23	49.40	49.13	495.54
360.23	49.54	49.23	495.54
361.23	49.69	49.35	497.06
362.23	49.86	49.48	495.54
363.23	50.04	49.64	495.54
364.23	50.21	49.76	495.54
365.23	50.34	49.91	495.54
366.23	50.49	50.12	495.54
367.23	50.60	50.26	495.54
368.23	50.74	50.42	495.54
369.23	50.93	50.60	495.54
370.23	51.06	50.72	497.06
371.23	51.22	50.89	494.01
372.23	51.30	51.01	497.06
373.23	51.43	51.17	497.06
374.23	51.60	51.35	495.54
375.23	51.73	51.53	495.54
376.23	51.86	51.66	495.54
377.23	51.99	51.77	495.54
378.23	52.15	51.90	495.54
379.23	52.30	51.97	495.54
380.23	52.46	52.06	497.06
381.23	52.60	52.18	495.54
382.23	52.73	52.28	495.54
383.23	52.88	52.41	495.54
384.23	53.00	52.56	495.54
385.23	53.13	52.71	497.06
386.23	53.22	52.82	495.54
387.23	53.35	52.92	495.54
388.23	53.55	53.07	495.54
389.23	53.69	53.19	497.06
390.23	53.81	53.34	495.54
391.23	53.98	53.54	495.54
392.23	54.11	53.68	495.54
393.23	54.23	53.84	495.54
394.23	54.38	53.97	497.06
395.23	54.57	54.09	495.54
396.23	54.71	54.18	495.54
397.23	54.88	54.31	497.06
398.23	55.04	54.49	495.54
399.23	55.19	54.68	495.54
400.23	55.27	54.81	495.54
401.23	55.40	54.97	495.54
402.23	55.52	55.16	495.54
403.23	55.70	55.35	495.54
404.23	55.88	55.49	497.06
405.23	56.02	55.64	497.06
406.23	56.15	55.71	495.54
407.23	56.30	55.81	506.23
408.23	56.47	55.96	495.54
409.23	56.55	55.99	495.54
410.23	56.70	56.09	495.54
411.23	56.83	56.19	495.54
412.23	57.02	56.26	495.54
413.23	57.16	56.34	495.54
414.23	57.36	56.52	495.54
415.23	57.47	56.67	495.54
416.23	57.57	56.83	495.54
417.23	57.65	57.02	495.54
418.23	57.77	57.21	495.54
419.23	57.86	57.36	497.06
420.23	58.00	57.50	497.06
421.23	58.19	57.68	495.54
422.23	58.33	57.84	495.54
423.23	58.48	58.02	495.54
424.23	58.60	58.16	495.54
425.23	58.75	58.36	507.76
426.23	58.86	58.51	495.54
427.23	58.93	58.60	497.06
428.23	59.05	58.74	495.54
429.23	59.19	58.84	498.59
430.23	59.31	58.95	495.54
431.23	59.45	59.10	495.54
432.23	59.61	59.21	495.54
433.23	59.79	59.32	492.48
434.23	59.95	59.44	495.54
435.23	60.07	59.58	495.54
436.23	60.26	59.75	495.54
437.23	60.42	59.87	495.54
438.23	60.58	60.02	495.54
439.23	60.76	60.18	497.06
440.23	60.88	60.36	495.54
441.23	61.03	60.54	495.54
442.23	61.12	60.67	495.54
443.23	61.28	60.81	495.54
444.23	61.42	60.94	495.54
445.23	61.55	61.05	495.54
446.23	61.66	61.18	495.54
447.23	61.79	61.29	497.06
448.23	61.91	61.46	494.01
449.23	62.06	61.58	497.06
450.23	62.16	61.71	495.54
451.23	62.27	61.85	495.54
452.23	62.36	61.95	495.54
453.23	62.49	62.06	495.54
454.23	62.61	62.21	495.54
455.23	62.80	62.36	497.06
456.23	62.96	62.53	497.06
457.23	63.09	62.68	492.48
458.23	63.25	62.80	492.48
459.23	63.46	62.92	495.54
460.23	63.70	63.03	495.54
461.23	63.84	63.14	497.06
462.23	63.92	63.24	495.54
463.23	64.02	63.38	495.54
464.23	64.13	63.53	495.54
465.23	64.21	63.60	497.06
466.23	64.33	63.73	495.54
467.23	64.48	63.87	497.06
468.23	64.55	63.96	497.06
469.23	64.70	64.11	495.54
470.23	64.79	64.24	495.54
471.23	64.94	64.45	495.54
472.23	65.06	64.56	495.54
473.23	65.22	64.71	495.54
474.23	65.38	64.86	495.54
475.23	65.49	64.96	497.06
476.23	65.74	65.07	497.06
477.23	65.92	65.19	497.06
478.23	66.06	65.30	495.54
479.23	66.20	65.48	495.54
480.23	66.32	65.66	495.54
481.23	66.41	65.77	495.54
482.23	66.55	65.91	495.54
483.23	66.70	66.04	497.06
484.23	66.84	66.18	495.54
485.23	66.98	66.37	495.54
486.23	67.08	66.52	495.54
487.23	67.20	66.69	497.06
488.23	67.26	66.80	498.59
489.23	67.40	66.94	495.54
490.23	67.51	67.02	498.59
491.23	67.66	67.17	497.06
492.23	67.77	67.33	497.06
493.23	67.89	67.46	495.54
494.23	68.02	67.62	495.54
495.23	68.18	67.74	497.06
496.23	68.34	67.85	495.54
497.23	68.50	67.99	495.54
498.23	68.66	68.16	498.59
499.23	68.80	68.36	503.18
500.23	68.94	68.47	495.54
501.23	69.04	68.58	497.06
502.23	69.09	68.71	495.54
503.23	69.22	68.80	497.06
504.23	69.32	68.87	497.06
505.23	69.49	68.96	497.06
506.23	69.63	69.05	498.59
507.23	69.79	69.18	495.54
508.23	69.89	69.22	495.54
509.23	70.06	69.36	497.06
510.23	70.15	69.44	495.54
511.23	70.28	69.63	504.70
512.23	70.39	69.79	495.54
513.23	70.48	69.91	495.54
514.23	70.58	70.14	495.54
515.23	70.68	70.27	495.54
516.23	70.79	70.37	495.54
517.23	70.93	70.51	495.54
518.23	71.10	70.63	495.54
519.23	71.23	70.73	495.54
520.23	71.39	70.86	495.54
521.23	71.45	70.91	495.54
522.23	71.58	71.03	341.20
523.23	71.72	71.18	3.51
524.23	71.81	71.33	3.51
