Time (sec)	Outer Temperature (C) 	Center Temperature (C)	Stirrer Speed  (rpm)	
18.79	30.32	29.03	3.51
19.78	30.31	29.05	3.51
20.77	30.28	29.04	3.51
21.75	30.32	29.05	3.51
22.74	30.32	29.02	3.51
23.73	30.32	29.01	3.51
24.71	30.32	29.01	3.51
25.69	30.34	28.96	3.51
26.68	30.34	28.97	3.51
27.66	30.34	28.99	3.51
28.65	30.33	29.01	3.51
29.63	30.32	29.03	40.18
30.61	30.33	29.07	92.14
31.60	30.36	29.08	156.31
32.58	30.36	29.04	208.27
33.57	30.42	29.01	249.52
34.55	30.42	28.94	296.89
35.54	30.43	28.88	358.01
36.52	30.47	28.86	408.44
37.51	30.52	28.82	490.95
38.50	30.53	28.76	533.74
39.50	30.50	28.73	594.86
40.50	30.50	28.85	657.51
41.50	30.44	28.63	695.71
42.50	30.36	28.41	749.19
43.50	30.34	28.33	746.13
44.50	30.24	28.28	746.13
45.50	30.09	28.38	747.66
46.50	30.03	28.54	747.66
47.50	29.94	28.74	747.66
48.50	29.87	28.84	747.66
49.50	29.75	28.99	743.08
50.50	29.69	29.08	746.13
51.50	29.61	29.10	747.66
52.50	29.55	29.13	741.55
53.50	29.52	29.19	747.66
54.50	29.48	29.18	747.66
55.50	29.43	29.19	747.66
56.50	29.37	29.20	746.13
57.50	29.39	29.24	747.66
58.50	29.32	29.22	747.66
59.50	29.35	29.27	747.66
60.50	29.33	29.28	747.66
61.50	29.28	29.24	747.66
62.50	29.27	29.23	747.66
63.50	29.26	29.24	747.66
64.50	29.27	29.26	747.66
65.50	29.25	29.23	747.66
66.50	29.31	29.30	755.30
67.50	29.27	29.27	747.66
68.50	29.28	29.30	747.66
69.50	29.28	29.30	747.66
70.50	29.32	29.36	747.66
71.50	29.30	29.32	749.19
72.50	29.31	29.35	747.66
73.50	29.34	29.38	747.66
74.50	29.37	29.42	747.66
75.50	29.37	29.40	749.19
76.50	29.41	29.47	747.66
77.50	29.43	29.48	747.66
78.50	29.47	29.52	747.66
79.50	29.47	29.52	747.66
80.50	29.57	29.61	752.24
81.50	29.57	29.63	747.66
82.50	29.62	29.68	747.66
83.50	29.66	29.71	749.19
84.50	29.67	29.74	749.19
85.50	29.74	29.78	747.66
86.50	29.76	29.79	749.19
87.50	29.80	29.82	747.66
88.50	29.86	29.88	747.66
89.50	29.90	29.91	747.66
90.50	29.93	29.93	747.66
91.50	29.95	29.95	747.66
92.50	30.03	30.02	747.66
93.50	30.06	30.09	747.66
94.50	30.12	30.13	747.66
95.50	30.15	30.14	747.66
96.50	30.17	30.20	747.66
97.50	30.22	30.23	747.66
98.50	30.28	30.28	747.66
99.50	30.34	30.34	747.66
100.50	30.38	30.39	747.66
101.50	30.45	30.45	749.19
102.50	30.51	30.48	747.66
103.50	30.58	30.55	747.66
104.50	30.63	30.58	747.66
105.50	30.69	30.69	747.66
106.50	30.74	30.70	747.66
107.50	30.80	30.77	747.66
108.50	30.85	30.81	747.66
109.50	30.92	30.85	747.66
110.50	30.99	30.92	747.66
111.50	31.06	31.00	747.66
112.50	31.11	31.07	747.66
113.50	31.17	31.16	747.66
114.50	31.26	31.23	747.66
115.50	31.30	31.28	747.66
116.50	31.41	31.34	747.66
117.50	31.44	31.36	749.19
118.50	31.52	31.44	747.66
119.50	31.60	31.50	747.66
120.50	31.67	31.56	747.66
121.50	31.76	31.62	741.55
122.50	31.83	31.73	747.66
123.50	31.88	31.74	747.66
124.50	31.95	31.85	747.66
125.50	32.07	31.92	747.66
126.50	32.15	32.01	747.66
127.50	32.22	32.05	747.66
128.50	32.27	32.15	747.66
129.50	32.36	32.24	747.66
130.50	32.45	32.27	744.60
131.50	32.57	32.41	747.66
132.50	32.65	32.46	747.66
133.50	32.74	32.55	747.66
134.50	32.86	32.64	747.66
135.50	32.92	32.71	747.66
136.50	32.99	32.82	747.66
137.50	33.17	32.97	747.66
138.50	33.23	33.04	747.66
139.50	33.31	33.11	747.66
140.50	33.45	33.21	747.66
141.50	33.54	33.29	747.66
142.50	33.62	33.38	755.30
143.50	33.74	33.50	747.66
144.50	33.82	33.68	747.66
145.50	33.96	33.81	747.66
146.50	34.05	33.84	747.66
147.50	34.17	33.94	749.19
148.50	34.31	34.04	747.66
149.50	34.41	34.14	747.66
150.50	34.51	34.20	750.72
151.50	34.69	34.32	744.60
152.50	34.81	34.47	749.19
153.50	34.91	34.61	747.66
154.50	35.04	34.73	750.72
155.50	35.17	34.79	747.66
156.50	35.24	34.83	756.83
157.50	35.43	35.00	747.66
158.50	35.55	35.12	746.13
159.50	35.69	35.27	747.66
160.50	35.81	35.41	747.66
161.50	35.96	35.56	749.19
162.50	36.10	35.71	747.66
163.50	36.26	35.89	747.66
164.50	36.32	36.00	750.72
165.50	36.52	36.17	747.66
166.50	36.61	36.28	747.66
167.50	36.77	36.40	747.66
168.50	36.89	36.46	747.66
169.50	37.06	36.62	747.66
170.50	37.19	36.72	747.66
171.50	37.33	36.85	747.66
172.50	37.48	36.97	747.66
173.50	37.60	37.12	747.66
174.50	37.74	37.28	747.66
175.50	37.90	37.45	747.66
176.50	38.01	37.56	747.66
177.50	38.13	37.65	747.66
178.50	38.31	37.87	747.66
179.50	38.43	38.06	749.19
180.50	38.59	38.22	747.66
181.50	38.75	38.39	747.66
182.50	38.83	38.51	749.19
183.50	38.98	38.64	747.66
184.50	39.11	38.74	749.19
185.50	39.22	38.84	747.66
186.50	39.37	38.95	747.66
187.50	39.52	39.08	747.66
188.50	39.69	39.20	747.66
189.50	39.82	39.37	747.66
190.50	39.95	39.54	747.66
191.50	40.08	39.72	747.66
192.50	40.26	39.87	747.66
193.50	40.35	39.98	746.13
194.50	40.56	40.15	747.66
195.50	40.71	40.30	744.60
196.50	40.82	40.40	747.66
197.50	40.99	40.54	749.19
198.50	41.14	40.69	749.19
199.50	41.27	40.82	747.66
200.50	41.43	40.97	747.66
201.50	41.60	41.18	747.66
202.50	41.73	41.30	747.66
203.50	41.88	41.42	747.66
204.50	42.00	41.54	747.66
205.50	42.18	41.70	747.66
206.50	42.27	41.83	747.66
207.50	42.43	41.97	747.66
208.50	42.60	42.13	747.66
209.50	42.74	42.27	747.66
210.50	42.84	42.41	747.66
211.50	42.96	42.54	747.66
212.50	43.11	42.66	747.66
213.50	43.22	42.81	747.66
214.50	43.37	43.00	747.66
215.50	43.52	43.18	747.66
216.50	43.67	43.33	740.02
217.50	43.80	43.47	747.66
218.50	43.94	43.62	747.66
219.50	44.10	43.78	747.66
220.50	44.23	43.88	747.66
221.50	44.38	43.95	747.66
222.50	44.50	44.10	746.13
223.50	44.67	44.25	749.19
224.50	44.84	44.35	747.66
225.50	44.98	44.46	747.66
226.50	45.10	44.56	749.19
227.50	45.27	44.76	747.66
228.50	45.39	44.94	747.66
229.50	45.51	45.07	747.66
230.50	45.69	45.24	749.19
231.50	45.81	45.35	747.66
232.50	45.95	45.51	747.66
233.50	46.08	45.67	747.66
234.50	46.29	45.81	747.66
235.50	46.39	45.92	747.66
236.50	46.50	46.10	746.13
237.50	46.65	46.21	749.19
238.50	46.81	46.38	747.66
239.50	46.95	46.50	747.66
240.50	47.10	46.67	747.66
241.50	47.25	46.81	749.19
242.50	47.36	46.91	735.44
243.50	47.47	47.05	750.72
244.50	47.67	47.21	747.66
245.50	47.81	47.29	747.66
246.50	47.94	47.46	747.66
247.50	48.06	47.57	749.19
248.50	48.19	47.68	747.66
249.50	48.36	47.83	738.49
250.50	48.50	48.00	746.13
251.50	48.60	48.13	747.66
252.50	48.76	48.27	747.66
253.50	48.94	48.49	747.66
254.50	49.01	48.57	749.19
255.50	49.22	48.80	749.19
256.50	49.31	48.92	747.66
257.50	49.47	49.09	749.19
258.50	49.58	49.23	747.66
259.50	49.72	49.36	747.66
260.50	49.87	49.46	747.66
261.50	50.00	49.60	747.66
262.50	50.13	49.75	749.19
263.50	50.28	49.84	747.66
264.50	50.42	49.98	747.66
265.50	50.54	50.13	747.66
266.50	50.74	50.27	747.66
267.50	50.88	50.40	747.66
268.50	50.99	50.54	747.66
269.50	51.15	50.73	749.19
270.50	51.29	50.84	747.66
271.50	51.42	50.97	747.66
272.50	51.52	51.11	747.66
273.50	51.65	51.21	747.66
274.50	51.81	51.38	746.13
275.50	51.95	51.53	747.66
276.50	52.08	51.70	749.19
277.50	52.27	51.82	747.66
278.50	52.39	51.93	747.66
279.50	52.49	52.05	747.66
280.50	52.63	52.18	749.19
281.50	52.77	52.29	747.66
282.50	52.90	52.40	746.13
283.50	53.04	52.60	747.66
284.50	53.18	52.75	747.66
285.50	53.32	52.86	747.66
286.50	53.48	53.04	747.66
287.50	53.59	53.16	747.66
288.50	53.77	53.34	749.19
289.50	53.90	53.46	747.66
290.50	54.02	53.57	747.66
291.50	54.20	53.77	747.66
292.50	54.34	53.92	747.66
293.50	54.45	54.07	747.66
294.50	54.58	54.20	747.66
295.50	54.69	54.31	747.66
296.50	54.82	54.46	747.66
297.50	54.97	54.62	747.66
298.50	55.09	54.77	756.83
299.50	55.22	54.93	747.66
300.50	55.35	55.03	749.19
301.50	55.49	55.18	747.66
302.50	55.65	55.33	747.66
303.50	55.81	55.42	747.66
304.50	55.93	55.55	747.66
305.50	56.07	55.70	747.66
306.50	56.23	55.79	747.66
307.50	56.36	55.94	747.66
308.50	56.49	56.09	747.66
309.50	56.66	56.27	747.66
310.50	56.76	56.38	747.66
311.50	56.88	56.48	747.66
312.50	57.04	56.66	747.66
313.50	57.18	56.79	747.66
314.50	57.27	56.86	747.66
315.50	57.44	57.00	747.66
316.50	57.58	57.16	747.66
317.50	57.72	57.28	750.72
318.50	57.84	57.43	747.66
319.50	57.99	57.57	747.66
320.50	58.14	57.70	749.19
321.50	58.25	57.82	747.66
322.50	58.44	57.97	747.66
323.50	58.53	58.06	747.66
324.50	58.68	58.21	747.66
325.50	58.79	58.31	747.66
326.50	58.94	58.49	744.60
327.50	59.06	58.60	747.66
328.50	59.22	58.74	747.66
329.50	59.34	58.90	747.66
330.50	59.46	59.05	747.66
331.50	59.61	59.21	747.66
332.50	59.74	59.28	746.13
333.50	59.82	59.36	747.66
334.50	59.97	59.55	747.66
335.50	60.10	59.68	747.66
336.50	60.23	59.78	747.66
337.50	60.42	60.02	747.66
338.50	60.53	60.16	750.72
339.50	60.68	60.25	749.19
340.50	60.81	60.37	747.66
341.50	60.96	60.53	747.66
342.50	61.08	60.58	747.66
343.50	61.24	60.70	747.66
344.50	61.34	60.82	747.66
345.50	61.48	60.94	747.66
346.50	61.64	61.04	732.38
347.50	61.73	61.14	747.66
348.50	61.84	61.29	750.72
349.50	62.00	61.44	747.66
350.50	62.16	61.64	747.66
351.50	62.28	61.80	747.66
352.50	62.39	61.93	747.66
353.50	62.52	62.06	747.66
354.50	62.64	62.20	747.66
355.50	62.74	62.36	747.66
356.50	62.89	62.51	746.13
357.50	63.02	62.65	747.66
358.50	63.17	62.79	746.13
359.50	63.33	62.97	749.19
360.50	63.40	63.03	747.66
361.50	63.55	63.17	753.77
362.50	63.69	63.31	747.66
363.50	63.82	63.42	747.66
364.50	63.94	63.49	747.66
365.50	64.07	63.66	747.66
366.50	64.23	63.76	747.66
367.50	64.35	63.94	747.66
368.50	64.48	64.10	752.24
369.50	64.57	64.21	747.66
370.50	64.73	64.36	747.66
371.50	64.89	64.50	747.66
372.50	64.96	64.58	749.19
373.50	65.12	64.68	747.66
374.50	65.22	64.79	747.66
375.50	65.40	64.94	747.66
376.50	65.48	65.03	747.66
377.50	65.60	65.22	747.66
378.50	65.76	65.34	747.66
379.50	65.85	65.42	747.66
380.50	65.98	65.55	747.66
381.50	66.12	65.67	747.66
382.50	66.24	65.82	747.66
383.50	66.36	65.99	747.66
384.50	66.51	66.14	755.30
385.50	66.64	66.25	747.66
386.50	66.78	66.38	747.66
387.50	66.89	66.52	747.66
388.50	66.96	66.61	747.66
389.50	67.12	66.75	747.66
390.50	67.24	66.88	747.66
391.50	67.33	67.00	747.66
392.50	67.50	67.18	747.66
393.50	67.65	67.29	747.66
394.50	67.70	67.39	747.66
395.50	67.83	67.49	747.66
396.50	67.99	67.66	755.30
397.50	68.11	67.75	747.66
398.50	68.26	67.91	747.66
399.50	68.36	68.00	747.66
400.50	68.51	68.20	747.66
401.50	68.64	68.30	747.66
402.50	68.77	68.43	747.66
403.50	68.87	68.54	746.13
404.50	69.03	68.68	747.66
405.50	69.17	68.78	747.66
406.50	69.26	68.88	750.72
407.50	69.41	69.03	747.66
408.50	69.55	69.11	747.66
409.50	69.70	69.26	747.66
410.50	69.82	69.36	746.13
411.50	69.93	69.45	749.19
412.50	70.08	69.61	747.66
413.50	70.19	69.75	749.19
414.50	70.28	69.88	749.19
415.50	70.40	69.99	747.66
416.50	70.50	70.11	746.13
417.50	70.64	70.24	504.70
